TIMESTAMP, USER, NICE, SYS, IOWAIT, IRQ, SOFT, STEAL, GUEST, GNICE, IDLE
1537896761, 19.37, 0.00, 39.24, 0.51, 0.00, 0.00, 0.00, 0.00, 0.00, 40.89
1537896762, 18.49, 0.00, 41.96, 0.13, 0.00, 0.13, 0.00, 0.00, 0.00, 39.29
1537896763, 29.63, 0.00, 53.09, 0.00, 0.00, 0.00, 0.00, 0.00, 0.00, 17.28
1537896764, 35.21, 0.00, 64.54, 0.12, 0.00, 0.00, 0.00, 0.00, 0.00, 0.12
1537896765, 35.88, 0.00, 63.75, 0.12, 0.00, 0.00, 0.00, 0.00, 0.00, 0.25
1537896767, 32.80, 0.00, 66.83, 0.25, 0.00, 0.00, 0.00, 0.00, 0.00, 0.12
1537896768, 35.17, 0.00, 64.33, 0.38, 0.00, 0.00, 0.00, 0.00, 0.00, 0.13
1537896769, 34.62, 0.00, 64.75, 0.38, 0.00, 0.12, 0.00, 0.00, 0.00, 0.12
1537896770, 37.33, 0.00, 62.17, 0.12, 0.00, 0.25, 0.00, 0.00, 0.00, 0.12
1537896771, 37.42, 0.00, 60.70, 0.13, 0.00, 1.75, 0.00, 0.00, 0.00, 0.00
1537896772, 34.54, 0.00, 63.08, 0.50, 0.00, 1.88, 0.00, 0.00, 0.00, 0.00
1537896773, 31.13, 0.00, 64.01, 3.49, 0.00, 1.25, 0.00, 0.00, 0.00, 0.12
1537896775, 32.71, 0.00, 63.81, 1.87, 0.00, 1.37, 0.00, 0.00, 0.00, 0.25
1537896776, 34.89, 0.00, 61.19, 2.28, 0.00, 1.52, 0.00, 0.00, 0.00, 0.13
1537896777, 33.63, 0.00, 61.98, 3.89, 0.00, 0.25, 0.00, 0.00, 0.00, 0.25
1537896778, 35.88, 0.00, 64.12, 0.00, 0.00, 0.00, 0.00, 0.00, 0.00, 0.00
1537896779, 36.25, 0.00, 63.38, 0.00, 0.00, 0.12, 0.00, 0.00, 0.00, 0.25
1537896780, 33.29, 0.00, 66.46, 0.00, 0.00, 0.00, 0.00, 0.00, 0.00, 0.25
1537896781, 35.54, 0.00, 64.08, 0.00, 0.00, 0.00, 0.00, 0.00, 0.00, 0.38
1537896783, 36.75, 0.00, 63.12, 0.00, 0.00, 0.12, 0.00, 0.00, 0.00, 0.00
1537896784, 33.67, 0.00, 66.08, 0.00, 0.00, 0.00, 0.00, 0.00, 0.00, 0.25
1537896785, 35.17, 0.00, 64.46, 0.00, 0.00, 0.25, 0.00, 0.00, 0.00, 0.13
1537896786, 33.12, 0.00, 66.38, 0.00, 0.00, 0.00, 0.00, 0.00, 0.00, 0.50
1537896787, 33.88, 0.00, 65.75, 0.00, 0.00, 0.12, 0.00, 0.00, 0.00, 0.25
1537896788, 33.21, 0.00, 66.17, 0.00, 0.00, 0.00, 0.00, 0.00, 0.00, 0.62
1537896789, 35.92, 0.00, 64.08, 0.00, 0.00, 0.00, 0.00, 0.00, 0.00, 0.00
1537896790, 33.67, 0.00, 65.83, 0.00, 0.00, 0.13, 0.00, 0.00, 0.00, 0.38
1537896792, 33.83, 0.00, 65.54, 0.00, 0.00, 0.00, 0.00, 0.00, 0.00, 0.63
1537896793, 35.38, 0.00, 64.38, 0.12, 0.00, 0.12, 0.00, 0.00, 0.00, 0.00
1537896794, 36.42, 0.00, 63.08, 0.00, 0.00, 0.13, 0.00, 0.00, 0.00, 0.38
1537896795, 33.83, 0.00, 66.04, 0.00, 0.00, 0.00, 0.00, 0.00, 0.00, 0.13
1537896796, 35.08, 0.00, 64.79, 0.00, 0.00, 0.12, 0.00, 0.00, 0.00, 0.00
1537896797, 33.42, 0.00, 66.58, 0.00, 0.00, 0.00, 0.00, 0.00, 0.00, 0.00
1537896798, 37.50, 0.00, 62.38, 0.00, 0.00, 0.00, 0.00, 0.00, 0.00, 0.12
1537896799, 35.92, 0.00, 63.95, 0.00, 0.00, 0.00, 0.00, 0.00, 0.00, 0.13
1537896800, 34.00, 0.00, 65.50, 0.13, 0.00, 0.13, 0.00, 0.00, 0.00, 0.25
1537896801, 34.76, 0.00, 65.12, 0.00, 0.00, 0.00, 0.00, 0.00, 0.00, 0.12
1537896802, 34.58, 0.00, 65.17, 0.00, 0.00, 0.00, 0.00, 0.00, 0.00, 0.25
1537896804, 35.62, 0.00, 64.38, 0.00, 0.00, 0.00, 0.00, 0.00, 0.00, 0.00
1537896805, 33.92, 0.00, 65.33, 0.38, 0.00, 0.00, 0.00, 0.00, 0.00, 0.38
1537896806, 35.09, 0.00, 64.54, 0.00, 0.00, 0.00, 0.00, 0.00, 0.00, 0.38
1537896807, 34.00, 0.00, 65.62, 0.00, 0.00, 0.00, 0.00, 0.00, 0.00, 0.38
1537896808, 34.21, 0.00, 65.04, 0.00, 0.00, 0.12, 0.00, 0.00, 0.00, 0.62
1537896809, 34.42, 0.00, 65.33, 0.00, 0.00, 0.00, 0.00, 0.00, 0.00, 0.25
1537896811, 36.45, 0.00, 63.42, 0.00, 0.00, 0.00, 0.00, 0.00, 0.00, 0.12
1537896812, 33.25, 0.00, 66.62, 0.00, 0.00, 0.00, 0.00, 0.00, 0.00, 0.12
1537896813, 35.75, 0.00, 64.12, 0.00, 0.00, 0.00, 0.00, 0.00, 0.00, 0.12
1537896814, 35.42, 0.00, 64.58, 0.00, 0.00, 0.00, 0.00, 0.00, 0.00, 0.00
1537896815, 34.34, 0.00, 65.66, 0.00, 0.00, 0.00, 0.00, 0.00, 0.00, 0.00
1537896816, 35.00, 0.00, 65.00, 0.00, 0.00, 0.00, 0.00, 0.00, 0.00, 0.00
1537896817, 36.00, 0.00, 63.88, 0.00, 0.00, 0.00, 0.00, 0.00, 0.00, 0.12
1537896818, 36.78, 0.00, 63.22, 0.00, 0.00, 0.00, 0.00, 0.00, 0.00, 0.00
1537896820, 35.50, 0.00, 64.38, 0.00, 0.00, 0.00, 0.00, 0.00, 0.00, 0.12
1537896821, 36.00, 0.00, 64.00, 0.00, 0.00, 0.00, 0.00, 0.00, 0.00, 0.00
1537896822, 34.75, 0.00, 64.75, 0.00, 0.00, 0.00, 0.00, 0.00, 0.00, 0.50
1537896823, 36.00, 0.00, 63.75, 0.00, 0.00, 0.00, 0.00, 0.00, 0.00, 0.25
1537896824, 34.83, 0.00, 64.54, 0.00, 0.00, 0.12, 0.00, 0.00, 0.00, 0.50
1537896825, 35.17, 0.00, 64.46, 0.00, 0.00, 0.13, 0.00, 0.00, 0.00, 0.25
1537896826, 37.20, 0.00, 62.55, 0.00, 0.00, 0.00, 0.00, 0.00, 0.00, 0.25
1537896828, 35.75, 0.00, 63.88, 0.00, 0.00, 0.12, 0.00, 0.00, 0.00, 0.25
1537896828, 36.39, 0.00, 63.36, 0.00, 0.00, 0.00, 0.00, 0.00, 0.00, 0.25
1537896830, 36.17, 0.00, 63.45, 0.00, 0.00, 0.00, 0.00, 0.00, 0.00, 0.38
1537896830, 35.04, 0.00, 64.71, 0.00, 0.00, 0.00, 0.00, 0.00, 0.00, 0.25
1537896832, 35.25, 0.00, 64.38, 0.00, 0.00, 0.00, 0.00, 0.00, 0.00, 0.38
1537896833, 36.22, 0.00, 63.66, 0.00, 0.00, 0.00, 0.00, 0.00, 0.00, 0.13
1537896834, 35.75, 0.00, 63.88, 0.00, 0.00, 0.00, 0.00, 0.00, 0.00, 0.38
1537896835, 35.41, 0.00, 63.97, 0.00, 0.00, 0.25, 0.00, 0.00, 0.00, 0.37
1537896836, 36.45, 0.00, 63.42, 0.00, 0.00, 0.00, 0.00, 0.00, 0.00, 0.12
1537896837, 35.71, 0.00, 63.92, 0.00, 0.00, 0.12, 0.00, 0.00, 0.00, 0.25
1537896838, 37.01, 0.00, 62.74, 0.00, 0.00, 0.00, 0.00, 0.00, 0.00, 0.25
1537896839, 35.21, 0.00, 64.54, 0.00, 0.00, 0.00, 0.00, 0.00, 0.00, 0.25
1537896840, 36.09, 0.00, 63.41, 0.00, 0.00, 0.00, 0.00, 0.00, 0.00, 0.50
1537896841, 34.92, 0.00, 64.83, 0.00, 0.00, 0.00, 0.00, 0.00, 0.00, 0.25
1537896843, 35.25, 0.00, 64.00, 0.00, 0.00, 0.12, 0.00, 0.00, 0.00, 0.62
1537896843, 35.63, 0.00, 63.49, 0.13, 0.00, 0.13, 0.00, 0.00, 0.00, 0.63
1537896843, 35.59, 0.00, 63.53, 0.13, 0.00, 0.13, 0.00, 0.00, 0.00, 0.63
