TIMESTAMP, USER, NICE, SYS, IOWAIT, IRQ, SOFT, STEAL, GUEST, GNICE, IDLE
1537903773, 25.75, 0.00, 2.50, 0.00, 0.00, 0.00, 0.00, 0.00, 0.00, 71.75
1537903774, 24.75, 0.00, 1.50, 2.75, 0.00, 0.00, 0.00, 0.00, 0.00, 71.00
1537903775, 25.25, 0.00, 0.75, 0.25, 0.00, 0.00, 0.00, 0.00, 0.00, 73.75
1537903776, 25.00, 0.00, 1.00, 0.00, 0.00, 0.00, 0.00, 0.00, 0.00, 74.00
1537903777, 24.94, 0.00, 1.01, 6.05, 0.00, 0.00, 0.00, 0.00, 0.00, 68.01
1537903778, 25.44, 0.00, 1.00, 0.00, 0.00, 0.00, 0.00, 0.00, 0.00, 73.57
1537903779, 25.94, 0.00, 0.50, 0.00, 0.00, 0.00, 0.00, 0.00, 0.00, 73.57
1537903780, 25.00, 0.00, 1.00, 0.50, 0.00, 0.00, 0.00, 0.00, 0.00, 73.50
1537903782, 25.81, 0.00, 0.75, 0.25, 0.00, 0.00, 0.00, 0.00, 0.00, 73.18
1537903783, 25.38, 0.00, 1.01, 3.52, 0.00, 0.00, 0.00, 0.00, 0.00, 70.10
1537903784, 25.31, 0.00, 0.75, 0.25, 0.00, 0.00, 0.00, 0.00, 0.00, 73.68
1537903785, 25.31, 0.00, 0.75, 0.00, 0.00, 0.00, 0.00, 0.00, 0.00, 73.93
1537903786, 25.06, 0.00, 0.75, 0.75, 0.00, 0.00, 0.00, 0.00, 0.00, 73.43
1537903787, 25.19, 0.00, 1.00, 0.00, 0.00, 0.00, 0.00, 0.00, 0.00, 73.82
1537903788, 25.31, 0.00, 0.75, 0.00, 0.00, 0.00, 0.00, 0.00, 0.00, 73.93
1537903789, 24.00, 0.00, 1.75, 0.25, 0.00, 0.00, 0.00, 0.00, 0.00, 74.00
1537903790, 24.25, 0.00, 2.00, 0.00, 0.00, 0.00, 0.00, 0.00, 0.00, 73.75
1537903791, 25.25, 0.00, 1.00, 1.00, 0.00, 0.00, 0.00, 0.00, 0.00, 72.75
1537903792, 25.56, 0.00, 0.50, 0.00, 0.00, 0.00, 0.00, 0.00, 0.00, 73.93
1537903793, 25.06, 0.00, 0.50, 0.00, 0.00, 0.25, 0.00, 0.00, 0.00, 74.19
1537903794, 25.31, 0.00, 1.50, 0.25, 0.00, 0.00, 0.00, 0.00, 0.00, 72.93
1537903795, 27.07, 0.00, 0.75, 0.00, 0.00, 0.00, 0.00, 0.00, 0.00, 72.18
1537903796, 26.25, 0.00, 2.00, 3.75, 0.00, 0.00, 0.00, 0.00, 0.00, 68.00
1537903797, 27.00, 0.00, 1.00, 3.50, 0.00, 0.00, 0.00, 0.00, 0.00, 68.50
1537903798, 26.82, 0.00, 1.00, 3.76, 0.00, 0.00, 0.00, 0.00, 0.00, 68.42
1537903799, 26.20, 0.00, 0.76, 0.00, 0.00, 0.00, 0.00, 0.00, 0.00, 73.05
1537903800, 26.32, 0.00, 1.00, 0.00, 0.00, 0.00, 0.00, 0.00, 0.00, 72.68
1537903801, 27.00, 0.00, 0.50, 0.00, 0.00, 0.00, 0.00, 0.00, 0.00, 72.50
1537903802, 26.25, 0.00, 1.00, 0.00, 0.00, 0.00, 0.00, 0.00, 0.00, 72.75
1537903803, 26.07, 0.00, 1.00, 1.25, 0.00, 0.00, 0.00, 0.00, 0.00, 71.68
1537903804, 26.82, 0.00, 0.25, 0.00, 0.00, 0.00, 0.00, 0.00, 0.00, 72.93
1537903805, 26.25, 0.00, 1.25, 0.00, 0.00, 0.00, 0.00, 0.00, 0.00, 72.50
1537903806, 26.38, 0.00, 0.75, 0.00, 0.00, 0.00, 0.00, 0.00, 0.00, 72.86
1537903807, 26.75, 0.00, 0.75, 0.00, 0.00, 0.00, 0.00, 0.00, 0.00, 72.50
1537903808, 26.26, 0.00, 0.25, 1.01, 0.00, 0.00, 0.00, 0.00, 0.00, 72.47
1537903809, 26.07, 0.00, 1.00, 0.25, 0.00, 0.00, 0.00, 0.00, 0.00, 72.68
1537903810, 26.12, 0.00, 1.49, 0.00, 0.00, 0.00, 0.00, 0.00, 0.00, 72.39
1537903811, 25.81, 0.00, 1.00, 0.00, 0.00, 0.25, 0.00, 0.00, 0.00, 72.93
1537903812, 26.82, 0.00, 1.00, 0.00, 0.00, 0.00, 0.00, 0.00, 0.00, 72.18
1537903813, 26.32, 0.00, 1.00, 1.25, 0.00, 0.00, 0.00, 0.00, 0.00, 71.43
1537903814, 26.32, 0.00, 1.00, 0.25, 0.00, 0.00, 0.00, 0.00, 0.00, 72.43
1537903815, 26.20, 0.00, 0.76, 0.00, 0.00, 0.00, 0.00, 0.00, 0.00, 73.05
1537903816, 25.94, 0.00, 1.50, 0.00, 0.00, 0.00, 0.00, 0.00, 0.00, 72.57
1537903817, 25.63, 0.00, 1.01, 0.25, 0.00, 0.00, 0.00, 0.00, 0.00, 73.12
1537903818, 25.94, 0.00, 4.53, 0.00, 0.00, 0.00, 0.00, 0.00, 0.00, 69.52
