TIMESTAMP, USER, NICE, SYS, IOWAIT, IRQ, SOFT, STEAL, GUEST, GNICE, IDLE
1537879545, 0.50, 0.00, 1.26, 29.40, 0.00, 0.00, 0.00, 0.00, 0.00, 68.84
1537879546, 1.01, 0.00, 2.02, 28.72, 0.00, 0.00, 0.00, 0.00, 0.00, 68.26
1537879547, 1.25, 0.00, 2.01, 30.58, 0.00, 0.00, 0.00, 0.00, 0.00, 66.17
1537879548, 1.50, 0.00, 3.01, 38.85, 0.00, 0.25, 0.00, 0.00, 0.00, 56.39
1537879549, 0.76, 0.00, 2.53, 51.01, 0.00, 0.25, 0.00, 0.00, 0.00, 45.45
1537879550, 1.01, 0.00, 2.27, 51.52, 0.00, 0.00, 0.00, 0.00, 0.00, 45.20
1537879551, 0.51, 0.00, 2.54, 63.20, 0.00, 0.25, 0.00, 0.00, 0.00, 33.50
1537879552, 0.25, 0.00, 2.54, 59.64, 0.00, 0.25, 0.00, 0.00, 0.00, 37.31
1537879553, 0.50, 0.00, 2.77, 53.65, 0.00, 0.00, 0.00, 0.00, 0.00, 43.07
1537879554, 0.76, 0.00, 2.77, 48.11, 0.00, 0.25, 0.00, 0.00, 0.00, 48.11
1537879555, 0.51, 0.00, 2.53, 49.75, 0.00, 0.00, 0.00, 0.00, 0.00, 47.22
1537879556, 0.76, 0.00, 2.52, 50.13, 0.00, 0.00, 0.00, 0.00, 0.00, 46.60
1537879557, 0.51, 0.00, 2.53, 64.90, 0.00, 0.00, 0.00, 0.00, 0.00, 32.07
1537879558, 0.25, 0.00, 3.52, 32.16, 0.00, 0.00, 0.00, 0.00, 0.00, 64.07
1537879559, 0.50, 0.00, 3.27, 54.16, 0.00, 0.25, 0.00, 0.00, 0.00, 41.81
1537879560, 0.51, 0.00, 2.78, 64.05, 0.00, 0.00, 0.00, 0.00, 0.00, 32.66
1537879561, 0.75, 0.00, 2.51, 56.39, 0.00, 0.50, 0.00, 0.00, 0.00, 39.85
1537879562, 0.25, 0.00, 2.53, 48.61, 0.00, 0.00, 0.00, 0.00, 0.00, 48.61
1537879563, 0.51, 0.00, 3.03, 46.21, 0.00, 0.00, 0.00, 0.00, 0.00, 50.25
1537879564, 0.51, 0.00, 1.28, 63.52, 0.00, 0.00, 0.00, 0.00, 0.00, 34.69
1537879565, 0.00, 0.00, 1.53, 51.15, 0.00, 0.00, 0.00, 0.00, 0.00, 47.31
1537879566, 0.51, 0.00, 1.28, 50.00, 0.00, 0.26, 0.00, 0.00, 0.00, 47.96
1537879567, 0.26, 0.00, 1.79, 46.15, 0.00, 0.00, 0.00, 0.00, 0.00, 51.79
1537879568, 0.51, 0.00, 1.28, 53.57, 0.00, 0.00, 0.00, 0.00, 0.00, 44.64
1537879569, 0.51, 0.00, 1.54, 47.04, 0.00, 0.26, 0.00, 0.00, 0.00, 50.64
1537879570, 0.26, 0.00, 1.79, 52.05, 0.00, 0.00, 0.00, 0.00, 0.00, 45.90
1537879571, 0.51, 0.00, 1.53, 53.96, 0.00, 0.00, 0.00, 0.00, 0.00, 43.99
1537879572, 0.00, 0.00, 1.29, 62.37, 0.00, 0.26, 0.00, 0.00, 0.00, 36.08
1537879573, 0.77, 0.00, 1.03, 69.07, 0.00, 0.00, 0.00, 0.00, 0.00, 29.12
1537879574, 0.26, 0.00, 1.53, 60.20, 0.00, 0.26, 0.00, 0.00, 0.00, 37.76
1537879575, 0.51, 0.00, 1.78, 54.45, 0.00, 0.51, 0.00, 0.00, 0.00, 42.75
1537879576, 0.26, 0.00, 1.53, 48.85, 0.00, 0.00, 0.00, 0.00, 0.00, 49.36
1537879577, 0.51, 0.00, 1.79, 68.11, 0.00, 0.26, 0.00, 0.00, 0.00, 29.34
1537879578, 0.25, 0.00, 1.78, 61.17, 0.00, 0.25, 0.00, 0.00, 0.00, 36.55
1537879579, 0.77, 0.00, 1.53, 59.44, 0.00, 0.00, 0.00, 0.00, 0.00, 38.27
1537879580, 0.51, 0.00, 1.27, 54.71, 0.00, 0.00, 0.00, 0.00, 0.00, 43.51
1537879581, 0.26, 0.00, 1.54, 53.98, 0.00, 0.26, 0.00, 0.00, 0.00, 43.96
1537879582, 0.51, 0.00, 1.78, 48.22, 0.00, 0.00, 0.00, 0.00, 0.00, 49.49
1537879583, 0.26, 0.00, 1.79, 65.13, 0.00, 0.00, 0.00, 0.00, 0.00, 32.82
1537879584, 0.51, 0.00, 1.29, 46.27, 0.00, 0.26, 0.00, 0.00, 0.00, 51.67
1537879585, 0.26, 0.00, 1.29, 69.15, 0.00, 0.00, 0.00, 0.00, 0.00, 29.31
1537879586, 0.51, 0.00, 1.28, 47.57, 0.00, 0.26, 0.00, 0.00, 0.00, 50.38
1537879587, 0.77, 0.00, 0.77, 58.82, 0.00, 0.00, 0.00, 0.00, 0.00, 39.64
1537879588, 0.51, 0.00, 1.53, 43.22, 0.00, 0.26, 0.00, 0.00, 0.00, 54.48
1537879589, 0.51, 0.00, 1.03, 48.97, 0.00, 0.00, 0.00, 0.00, 0.00, 49.49
1537879590, 0.26, 0.00, 1.79, 59.95, 0.00, 0.26, 0.00, 0.00, 0.00, 37.76
1537879591, 0.26, 0.00, 1.02, 58.06, 0.00, 0.26, 0.00, 0.00, 0.00, 40.41
1537879592, 0.51, 0.00, 1.28, 42.97, 0.00, 0.26, 0.00, 0.00, 0.00, 54.99
1537879593, 0.51, 0.00, 0.77, 48.08, 0.00, 0.00, 0.00, 0.00, 0.00, 50.64
1537879594, 0.26, 0.00, 1.29, 51.16, 0.00, 0.00, 0.00, 0.00, 0.00, 47.30
1537879595, 0.00, 0.00, 1.03, 53.08, 0.00, 0.00, 0.00, 0.00, 0.00, 45.90
1537879596, 0.51, 0.00, 1.53, 54.48, 0.00, 0.00, 0.00, 0.00, 0.00, 43.48
1537879597, 0.51, 0.00, 1.52, 63.20, 0.00, 0.25, 0.00, 0.00, 0.00, 34.52
1537879598, 0.26, 0.00, 1.03, 52.32, 0.00, 0.00, 0.00, 0.00, 0.00, 46.39
1537879599, 0.25, 0.00, 1.78, 46.56, 0.00, 0.25, 0.00, 0.00, 0.00, 51.15
1537879600, 0.51, 0.00, 1.03, 45.90, 0.00, 0.00, 0.00, 0.00, 0.00, 52.56
1537879601, 0.26, 0.00, 1.53, 45.66, 0.00, 0.26, 0.00, 0.00, 0.00, 52.30
1537879602, 0.26, 0.00, 1.54, 46.79, 0.00, 0.00, 0.00, 0.00, 0.00, 51.41
1537879603, 0.51, 0.00, 1.53, 47.58, 0.00, 0.00, 0.00, 0.00, 0.00, 50.38
1537879604, 0.26, 0.00, 1.03, 66.67, 0.00, 0.26, 0.00, 0.00, 0.00, 31.79
1537879605, 0.26, 0.00, 1.28, 69.64, 0.00, 0.00, 0.00, 0.00, 0.00, 28.83
1537879606, 0.26, 0.00, 1.03, 60.00, 0.00, 0.00, 0.00, 0.00, 0.00, 38.72
1537879607, 0.00, 0.00, 1.28, 59.49, 0.00, 0.00, 0.00, 0.00, 0.00, 39.23
1537879608, 0.77, 0.00, 1.03, 48.59, 0.00, 0.00, 0.00, 0.00, 0.00, 49.61
1537879609, 1.03, 0.00, 0.26, 41.79, 0.00, 0.00, 0.00, 0.00, 0.00, 56.92
1537879610, 0.26, 0.00, 1.79, 50.26, 0.00, 0.26, 0.00, 0.00, 0.00, 47.44
1537879611, 0.00, 0.00, 1.03, 55.38, 0.00, 0.26, 0.00, 0.00, 0.00, 43.33
1537879612, 0.52, 0.00, 1.03, 40.72, 0.00, 0.00, 0.00, 0.00, 0.00, 57.73
1537879613, 0.51, 0.00, 1.27, 49.49, 0.00, 0.25, 0.00, 0.00, 0.00, 48.48
1537879614, 0.26, 0.00, 1.02, 51.15, 0.00, 0.51, 0.00, 0.00, 0.00, 47.06
1537879615, 0.26, 0.00, 1.53, 52.17, 0.00, 0.26, 0.00, 0.00, 0.00, 45.78
1537879616, 0.26, 0.00, 1.03, 57.84, 0.00, 0.26, 0.00, 0.00, 0.00, 40.62
1537879617, 0.26, 0.00, 1.28, 55.75, 0.00, 0.00, 0.00, 0.00, 0.00, 42.71
1537879618, 0.00, 0.00, 1.54, 42.93, 0.00, 0.00, 0.00, 0.00, 0.00, 55.53
1537879619, 0.51, 0.00, 1.79, 44.39, 0.00, 0.26, 0.00, 0.00, 0.00, 53.06
1537879620, 0.77, 0.00, 1.28, 42.35, 0.00, 0.26, 0.00, 0.00, 0.00, 55.36
1537879621, 0.26, 0.00, 1.53, 53.32, 0.00, 0.26, 0.00, 0.00, 0.00, 44.64
1537879622, 0.26, 0.00, 1.28, 43.08, 0.00, 0.26, 0.00, 0.00, 0.00, 55.13
1537879623, 0.26, 0.00, 1.03, 50.13, 0.00, 0.00, 0.00, 0.00, 0.00, 48.59
1537879624, 0.26, 0.00, 1.03, 52.70, 0.00, 0.26, 0.00, 0.00, 0.00, 45.76
1537879625, 0.51, 0.00, 1.28, 52.43, 0.00, 0.00, 0.00, 0.00, 0.00, 45.78
1537879626, 0.26, 0.00, 1.29, 51.93, 0.00, 0.00, 0.00, 0.00, 0.00, 46.53
1537879627, 0.26, 0.00, 1.28, 52.56, 0.00, 0.00, 0.00, 0.00, 0.00, 45.90
1537879628, 0.26, 0.00, 1.02, 48.34, 0.00, 0.26, 0.00, 0.00, 0.00, 50.13
1537879629, 0.00, 0.00, 1.03, 55.67, 0.00, 0.00, 0.00, 0.00, 0.00, 43.30
1537879630, 0.26, 0.00, 1.55, 53.61, 0.00, 0.00, 0.00, 0.00, 0.00, 44.59
1537879631, 0.26, 0.00, 1.02, 51.41, 0.00, 0.26, 0.00, 0.00, 0.00, 47.06
1537879632, 0.51, 0.00, 0.77, 51.67, 0.00, 0.00, 0.00, 0.00, 0.00, 47.04
1537879633, 0.26, 0.00, 1.03, 57.44, 0.00, 0.26, 0.00, 0.00, 0.00, 41.03
1537879634, 0.76, 0.00, 1.53, 56.23, 0.00, 0.25, 0.00, 0.00, 0.00, 41.22
1537879635, 0.00, 0.00, 1.28, 55.38, 0.00, 0.00, 0.00, 0.00, 0.00, 43.33
1537879636, 0.26, 0.00, 1.03, 54.64, 0.00, 0.00, 0.00, 0.00, 0.00, 44.07
1537879637, 0.51, 0.00, 0.77, 55.10, 0.00, 0.51, 0.00, 0.00, 0.00, 43.11
1537879638, 0.26, 0.00, 0.77, 48.07, 0.00, 0.00, 0.00, 0.00, 0.00, 50.90
1537879639, 1.03, 0.00, 0.51, 42.05, 0.00, 0.26, 0.00, 0.00, 0.00, 56.15
1537879640, 0.51, 0.00, 1.28, 29.74, 0.00, 0.26, 0.00, 0.00, 0.00, 68.21
1537879641, 0.26, 0.00, 0.52, 48.32, 0.00, 0.00, 0.00, 0.00, 0.00, 50.90
1537879642, 0.51, 0.00, 1.53, 52.69, 0.00, 0.26, 0.00, 0.00, 0.00, 45.01
1537879643, 0.77, 0.00, 0.77, 45.13, 0.00, 0.00, 0.00, 0.00, 0.00, 53.33
1537879644, 0.00, 0.00, 1.53, 43.22, 0.00, 0.26, 0.00, 0.00, 0.00, 54.99
1537879645, 0.00, 0.00, 0.77, 60.05, 0.00, 0.00, 0.00, 0.00, 0.00, 39.18
1537879646, 0.26, 0.00, 1.03, 50.77, 0.00, 0.00, 0.00, 0.00, 0.00, 47.95
1537879647, 0.51, 0.00, 1.28, 53.45, 0.00, 0.00, 0.00, 0.00, 0.00, 44.76
1537879648, 0.26, 0.00, 0.77, 56.92, 0.00, 0.00, 0.00, 0.00, 0.00, 42.05
1537879649, 0.00, 0.00, 0.52, 46.25, 0.00, 0.26, 0.00, 0.00, 0.00, 52.97
1537879650, 0.77, 0.00, 0.77, 42.16, 0.00, 0.26, 0.00, 0.00, 0.00, 56.04
1537879651, 0.51, 0.00, 0.77, 54.10, 0.00, 0.26, 0.00, 0.00, 0.00, 44.36
1537879652, 0.51, 0.00, 1.03, 55.78, 0.00, 0.00, 0.00, 0.00, 0.00, 42.67
1537879653, 0.26, 0.00, 1.02, 56.01, 0.00, 0.26, 0.00, 0.00, 0.00, 42.46
1537879654, 0.77, 0.00, 0.77, 59.64, 0.00, 0.00, 0.00, 0.00, 0.00, 38.82
1537879655, 0.51, 0.00, 1.03, 50.26, 0.00, 0.26, 0.00, 0.00, 0.00, 47.95
1537879656, 0.26, 0.00, 1.54, 52.31, 0.00, 0.26, 0.00, 0.00, 0.00, 45.64
1537879657, 0.26, 0.00, 1.28, 53.59, 0.00, 0.00, 0.00, 0.00, 0.00, 44.87
1537879658, 0.00, 0.00, 1.03, 46.91, 0.00, 0.26, 0.00, 0.00, 0.00, 51.80
1537879659, 0.51, 0.00, 0.77, 47.69, 0.00, 0.00, 0.00, 0.00, 0.00, 51.03
1537879660, 0.51, 0.00, 1.02, 58.52, 0.00, 0.25, 0.00, 0.00, 0.00, 39.69
1537879661, 0.26, 0.00, 1.54, 42.82, 0.00, 0.00, 0.00, 0.00, 0.00, 55.38
1537879662, 0.51, 0.00, 1.28, 63.08, 0.00, 0.26, 0.00, 0.00, 0.00, 34.87
1537879663, 0.26, 0.00, 0.77, 48.59, 0.00, 0.26, 0.00, 0.00, 0.00, 50.13
1537879664, 0.51, 0.00, 1.03, 60.15, 0.00, 0.00, 0.00, 0.00, 0.00, 38.30
1537879665, 0.26, 0.00, 1.28, 50.00, 0.00, 0.26, 0.00, 0.00, 0.00, 48.21
1537879666, 0.26, 0.00, 1.03, 47.18, 0.00, 0.00, 0.00, 0.00, 0.00, 51.54
1537879667, 0.26, 0.00, 1.03, 40.26, 0.00, 0.26, 0.00, 0.00, 0.00, 58.21
1537879668, 0.26, 0.00, 0.77, 46.13, 0.00, 0.00, 0.00, 0.00, 0.00, 52.84
1537879669, 0.26, 0.00, 1.02, 61.38, 0.00, 0.51, 0.00, 0.00, 0.00, 36.83
1537879670, 0.51, 0.00, 1.02, 52.55, 0.00, 0.26, 0.00, 0.00, 0.00, 45.66
1537879671, 0.26, 0.00, 1.28, 51.53, 0.00, 0.26, 0.00, 0.00, 0.00, 46.68
1537879672, 0.26, 0.00, 1.28, 52.56, 0.00, 0.00, 0.00, 0.00, 0.00, 45.90
1537879673, 0.26, 0.00, 1.03, 47.95, 0.00, 0.00, 0.00, 0.00, 0.00, 50.77
1537879674, 0.26, 0.00, 1.53, 44.13, 0.00, 0.26, 0.00, 0.00, 0.00, 53.83
1537879675, 0.51, 0.00, 1.02, 52.81, 0.00, 0.26, 0.00, 0.00, 0.00, 45.41
1537879676, 0.00, 0.00, 0.78, 49.61, 0.00, 0.00, 0.00, 0.00, 0.00, 49.61
1537879677, 0.26, 0.00, 1.03, 48.46, 0.00, 0.00, 0.00, 0.00, 0.00, 50.26
1537879678, 0.26, 0.00, 1.29, 56.70, 0.00, 0.00, 0.00, 0.00, 0.00, 41.75
1537879679, 0.52, 0.00, 0.52, 58.25, 0.00, 0.00, 0.00, 0.00, 0.00, 40.72
1537879680, 0.26, 0.00, 1.29, 48.71, 0.00, 0.26, 0.00, 0.00, 0.00, 49.48
1537879681, 1.02, 0.00, 0.77, 48.85, 0.00, 0.26, 0.00, 0.00, 0.00, 49.10
1537879682, 0.26, 0.00, 1.03, 51.68, 0.00, 0.00, 0.00, 0.00, 0.00, 47.03
1537879683, 0.26, 0.00, 1.03, 67.95, 0.00, 0.26, 0.00, 0.00, 0.00, 30.51
1537879684, 0.26, 0.00, 1.29, 56.04, 0.00, 0.00, 0.00, 0.00, 0.00, 42.42
1537879685, 0.26, 0.00, 1.28, 60.71, 0.00, 0.00, 0.00, 0.00, 0.00, 37.76
1537879686, 0.25, 0.00, 0.76, 54.71, 0.00, 0.76, 0.00, 0.00, 0.00, 43.51
1537879687, 0.00, 0.00, 1.03, 61.44, 0.00, 0.00, 0.00, 0.00, 0.00, 37.53
1537879688, 0.26, 0.00, 1.28, 47.95, 0.00, 0.00, 0.00, 0.00, 0.00, 50.51
1537879689, 0.25, 0.00, 1.27, 47.58, 0.00, 0.25, 0.00, 0.00, 0.00, 50.64
1537879690, 0.26, 0.00, 1.02, 50.90, 0.00, 0.00, 0.00, 0.00, 0.00, 47.83
1537879691, 0.52, 0.00, 0.78, 49.10, 0.00, 0.26, 0.00, 0.00, 0.00, 49.35
1537879692, 0.51, 0.00, 0.77, 43.59, 0.00, 0.00, 0.00, 0.00, 0.00, 55.13
1537879693, 0.00, 0.00, 1.79, 47.18, 0.00, 0.00, 0.00, 0.00, 0.00, 51.03
1537879694, 0.26, 0.00, 1.03, 47.69, 0.00, 0.00, 0.00, 0.00, 0.00, 51.03
1537879695, 0.51, 0.00, 1.53, 46.55, 0.00, 0.26, 0.00, 0.00, 0.00, 51.15
1537879696, 0.26, 0.00, 1.03, 57.95, 0.00, 0.26, 0.00, 0.00, 0.00, 40.51
1537879697, 0.26, 0.00, 1.29, 57.33, 0.00, 0.00, 0.00, 0.00, 0.00, 41.13
1537879698, 0.00, 0.00, 1.03, 61.70, 0.00, 0.00, 0.00, 0.00, 0.00, 37.28
1537879699, 0.26, 0.00, 1.53, 52.17, 0.00, 0.26, 0.00, 0.00, 0.00, 45.78
1537879700, 6.08, 0.00, 0.76, 41.27, 0.00, 0.00, 0.00, 0.00, 0.00, 51.90
1537879701, 14.36, 0.00, 0.50, 35.01, 0.00, 0.25, 0.00, 0.00, 0.00, 49.87
1537879702, 16.79, 0.00, 0.75, 32.83, 0.00, 0.25, 0.00, 0.00, 0.00, 49.37
1537879703, 18.66, 0.00, 0.75, 12.94, 0.00, 0.25, 0.00, 0.00, 0.00, 67.41
1537879704, 24.62, 0.00, 0.25, 1.51, 0.00, 0.00, 0.00, 0.00, 0.00, 73.62
1537879705, 25.37, 0.00, 0.50, 0.25, 0.00, 0.00, 0.00, 0.00, 0.00, 73.88
1537879706, 25.25, 0.00, 0.50, 0.00, 0.00, 0.00, 0.00, 0.00, 0.00, 74.25
1537879707, 25.06, 0.00, 0.50, 0.00, 0.00, 0.25, 0.00, 0.00, 0.00, 74.19
1537879708, 21.75, 0.00, 0.75, 19.75, 0.00, 0.00, 0.00, 0.00, 0.00, 57.75
1537879709, 22.36, 0.00, 0.75, 21.61, 0.00, 0.25, 0.00, 0.00, 0.00, 55.03
1537879710, 22.69, 0.00, 0.50, 19.70, 0.00, 0.25, 0.00, 0.00, 0.00, 56.86
1537879711, 25.13, 0.00, 0.50, 0.00, 0.00, 0.00, 0.00, 0.00, 0.00, 74.37
1537879712, 25.31, 0.00, 0.50, 0.00, 0.00, 0.00, 0.00, 0.00, 0.00, 74.19
1537879713, 25.31, 0.00, 0.50, 0.00, 0.00, 0.00, 0.00, 0.00, 0.00, 74.19
1537879714, 25.13, 0.00, 0.25, 0.75, 0.00, 0.00, 0.00, 0.00, 0.00, 73.87
1537879715, 25.25, 0.00, 0.25, 0.25, 0.00, 0.00, 0.00, 0.00, 0.00, 74.25
1537879716, 25.06, 0.00, 0.50, 0.00, 0.00, 0.00, 0.00, 0.00, 0.00, 74.44
1537879717, 25.19, 0.00, 0.75, 0.00, 0.00, 0.00, 0.00, 0.00, 0.00, 74.06
1537879718, 25.06, 0.00, 0.50, 0.00, 0.00, 0.00, 0.00, 0.00, 0.00, 74.44
1537879719, 25.44, 0.00, 0.50, 1.50, 0.00, 0.00, 0.00, 0.00, 0.00, 72.57
1537879720, 25.50, 0.00, 0.50, 0.50, 0.00, 0.00, 0.00, 0.00, 0.00, 73.50
1537879721, 25.44, 0.00, 0.50, 0.25, 0.00, 0.00, 0.00, 0.00, 0.00, 73.82
1537879722, 25.25, 0.00, 0.50, 0.00, 0.00, 0.00, 0.00, 0.00, 0.00, 74.25
1537879723, 25.06, 0.00, 0.50, 0.00, 0.00, 0.00, 0.00, 0.00, 0.00, 74.44
1537879724, 25.25, 0.00, 0.50, 0.50, 0.00, 0.00, 0.00, 0.00, 0.00, 73.75
1537879725, 25.06, 0.00, 0.50, 0.25, 0.00, 0.00, 0.00, 0.00, 0.00, 74.19
1537879726, 25.25, 0.00, 0.50, 0.00, 0.00, 0.00, 0.00, 0.00, 0.00, 74.25
1537879727, 25.06, 0.00, 0.75, 0.00, 0.00, 0.00, 0.00, 0.00, 0.00, 74.19
1537879728, 25.19, 0.00, 0.50, 0.00, 0.00, 0.25, 0.00, 0.00, 0.00, 74.06
1537879729, 25.31, 0.00, 0.25, 0.75, 0.00, 0.00, 0.00, 0.00, 0.00, 73.68
1537879730, 25.19, 0.00, 0.75, 0.00, 0.00, 0.00, 0.00, 0.00, 0.00, 74.06
1537879731, 25.19, 0.00, 0.50, 0.25, 0.00, 0.00, 0.00, 0.00, 0.00, 74.06
1537879732, 25.50, 0.00, 0.25, 0.00, 0.00, 0.00, 0.00, 0.00, 0.00, 74.25
1537879733, 25.31, 0.00, 0.25, 0.00, 0.00, 0.00, 0.00, 0.00, 0.00, 74.44
1537879734, 25.25, 0.00, 0.50, 0.25, 0.00, 0.00, 0.00, 0.00, 0.00, 74.00
1537879735, 24.94, 0.00, 0.25, 0.50, 0.00, 0.25, 0.00, 0.00, 0.00, 74.06
1537879736, 25.25, 0.00, 0.50, 0.00, 0.00, 0.00, 0.00, 0.00, 0.00, 74.25
1537879737, 24.94, 0.00, 0.75, 0.25, 0.00, 0.00, 0.00, 0.00, 0.00, 74.06
1537879738, 25.06, 0.00, 0.50, 0.00, 0.00, 0.00, 0.00, 0.00, 0.00, 74.44
1537879739, 25.50, 0.00, 0.50, 0.00, 0.00, 0.00, 0.00, 0.00, 0.00, 74.00
1537879740, 25.06, 0.00, 0.50, 0.75, 0.00, 0.00, 0.00, 0.00, 0.00, 73.68
1537879741, 25.19, 0.00, 0.50, 0.25, 0.00, 0.00, 0.00, 0.00, 0.00, 74.06
1537879742, 25.31, 0.00, 0.25, 0.00, 0.00, 0.00, 0.00, 0.00, 0.00, 74.44
1537879743, 25.25, 0.00, 0.50, 0.00, 0.00, 0.00, 0.00, 0.00, 0.00, 74.25
1537879744, 25.25, 0.00, 0.50, 0.00, 0.00, 0.00, 0.00, 0.00, 0.00, 74.25
1537879745, 25.25, 0.00, 0.25, 1.00, 0.00, 0.25, 0.00, 0.00, 0.00, 73.25
1537879746, 25.06, 0.00, 0.50, 0.00, 0.00, 0.00, 0.00, 0.00, 0.00, 74.44
1537879747, 25.25, 0.00, 0.50, 0.00, 0.00, 0.00, 0.00, 0.00, 0.00, 74.25
1537879748, 25.62, 0.00, 0.25, 0.00, 0.00, 0.25, 0.00, 0.00, 0.00, 73.88
1537879749, 25.06, 0.00, 0.50, 0.25, 0.00, 0.00, 0.00, 0.00, 0.00, 74.19
1537879750, 25.44, 0.00, 0.75, 0.75, 0.00, 0.00, 0.00, 0.00, 0.00, 73.07
1537879751, 25.38, 0.00, 0.00, 0.00, 0.00, 0.00, 0.00, 0.00, 0.00, 74.62
1537879752, 25.44, 0.00, 0.50, 0.00, 0.00, 0.00, 0.00, 0.00, 0.00, 74.06
1537879753, 25.06, 0.00, 0.50, 0.25, 0.00, 0.00, 0.00, 0.00, 0.00, 74.19
1537879754, 25.44, 0.00, 0.50, 0.00, 0.00, 0.00, 0.00, 0.00, 0.00, 74.06
1537879755, 25.25, 0.00, 0.25, 1.00, 0.00, 0.25, 0.00, 0.00, 0.00, 73.25
1537879756, 25.31, 0.00, 0.25, 0.00, 0.00, 0.00, 0.00, 0.00, 0.00, 74.44
1537879757, 25.13, 0.00, 0.50, 0.00, 0.00, 0.00, 0.00, 0.00, 0.00, 74.37
1537879758, 25.06, 0.00, 0.50, 0.00, 0.00, 0.00, 0.00, 0.00, 0.00, 74.44
1537879759, 25.19, 0.00, 0.75, 0.25, 0.00, 0.00, 0.00, 0.00, 0.00, 73.82
1537879760, 25.31, 0.00, 0.50, 0.75, 0.00, 0.00, 0.00, 0.00, 0.00, 73.43
1537879761, 25.31, 0.00, 0.50, 0.00, 0.00, 0.00, 0.00, 0.00, 0.00, 74.19
1537879762, 25.25, 0.00, 0.50, 0.00, 0.00, 0.00, 0.00, 0.00, 0.00, 74.25
1537879763, 25.31, 0.00, 0.25, 0.25, 0.00, 0.00, 0.00, 0.00, 0.00, 74.19
1537879764, 25.00, 0.00, 0.75, 0.00, 0.00, 0.00, 0.00, 0.00, 0.00, 74.25
1537879765, 25.06, 0.00, 0.50, 1.00, 0.00, 0.00, 0.00, 0.00, 0.00, 73.43
1537879766, 25.19, 0.00, 0.75, 0.00, 0.00, 0.00, 0.00, 0.00, 0.00, 74.06
1537879767, 25.38, 0.00, 0.25, 0.00, 0.00, 0.00, 0.00, 0.00, 0.00, 74.37
1537879768, 25.12, 0.00, 0.75, 0.00, 0.00, 0.00, 0.00, 0.00, 0.00, 74.13
1537879769, 25.31, 0.00, 0.25, 0.25, 0.00, 0.00, 0.00, 0.00, 0.00, 74.19
1537879770, 25.19, 0.00, 0.75, 0.75, 0.00, 0.00, 0.00, 0.00, 0.00, 73.32
1537879771, 24.87, 0.00, 0.50, 0.00, 0.00, 0.00, 0.00, 0.00, 0.00, 74.62
1537879772, 25.19, 0.00, 0.50, 0.00, 0.00, 0.25, 0.00, 0.00, 0.00, 74.06
1537879773, 25.00, 0.00, 0.50, 0.25, 0.00, 0.00, 0.00, 0.00, 0.00, 74.25
1537879774, 25.19, 0.00, 0.75, 0.00, 0.00, 0.00, 0.00, 0.00, 0.00, 74.06
1537879775, 25.25, 0.00, 0.50, 0.75, 0.00, 0.00, 0.00, 0.00, 0.00, 73.50
1537879776, 25.19, 0.00, 0.75, 0.00, 0.00, 0.00, 0.00, 0.00, 0.00, 74.06
1537879777, 25.50, 0.00, 0.00, 0.25, 0.00, 0.00, 0.00, 0.00, 0.00, 74.25
1537879778, 25.44, 0.00, 0.75, 0.00, 0.00, 0.00, 0.00, 0.00, 0.00, 73.82
1537879779, 24.87, 0.00, 0.75, 0.00, 0.00, 0.00, 0.00, 0.00, 0.00, 74.37
1537879780, 25.06, 0.00, 0.50, 0.75, 0.00, 0.00, 0.00, 0.00, 0.00, 73.68
1537879781, 25.37, 0.00, 0.50, 0.25, 0.00, 0.00, 0.00, 0.00, 0.00, 73.88
1537879782, 25.06, 0.00, 0.25, 0.00, 0.00, 0.25, 0.00, 0.00, 0.00, 74.44
1537879783, 25.31, 0.00, 0.25, 0.00, 0.00, 0.00, 0.00, 0.00, 0.00, 74.44
1537879784, 25.31, 0.00, 0.25, 0.25, 0.00, 0.00, 0.00, 0.00, 0.00, 74.19
1537879785, 25.00, 0.00, 1.00, 0.50, 0.00, 0.00, 0.00, 0.00, 0.00, 73.50
1537879786, 25.62, 0.00, 0.25, 0.00, 0.00, 0.00, 0.00, 0.00, 0.00, 74.13
1537879787, 25.31, 0.00, 0.25, 0.25, 0.00, 0.00, 0.00, 0.00, 0.00, 74.19
1537879788, 25.44, 0.00, 0.50, 0.00, 0.00, 0.00, 0.00, 0.00, 0.00, 74.06
1537879789, 25.31, 0.00, 0.50, 0.00, 0.00, 0.00, 0.00, 0.00, 0.00, 74.19
1537879790, 25.25, 0.00, 0.50, 0.75, 0.00, 0.00, 0.00, 0.00, 0.00, 73.50
1537879791, 25.06, 0.00, 0.00, 0.00, 0.00, 0.00, 0.00, 0.00, 0.00, 74.94
1537879792, 25.00, 0.00, 0.75, 0.00, 0.00, 0.00, 0.00, 0.00, 0.00, 74.25
1537879793, 25.00, 0.00, 0.50, 0.25, 0.00, 0.00, 0.00, 0.00, 0.00, 74.25
1537879794, 25.06, 0.00, 0.50, 0.00, 0.00, 0.00, 0.00, 0.00, 0.00, 74.44
1537879795, 25.25, 0.00, 0.50, 0.75, 0.00, 0.00, 0.00, 0.00, 0.00, 73.50
1537879796, 25.25, 0.00, 0.50, 0.00, 0.00, 0.00, 0.00, 0.00, 0.00, 74.25
1537879797, 25.19, 0.00, 0.50, 0.25, 0.00, 0.00, 0.00, 0.00, 0.00, 74.06
1537879798, 25.50, 0.00, 0.25, 0.00, 0.00, 0.00, 0.00, 0.00, 0.00, 74.25
1537879799, 25.25, 0.00, 0.75, 0.00, 0.00, 0.00, 0.00, 0.00, 0.00, 74.00
1537879800, 25.25, 0.00, 0.50, 0.75, 0.00, 0.00, 0.00, 0.00, 0.00, 73.50
1537879801, 24.87, 0.00, 0.50, 0.25, 0.00, 0.00, 0.00, 0.00, 0.00, 74.37
1537879802, 25.19, 0.00, 0.50, 0.00, 0.00, 0.00, 0.00, 0.00, 0.00, 74.31
1537879803, 25.31, 0.00, 0.50, 0.00, 0.00, 0.00, 0.00, 0.00, 0.00, 74.19
1537879804, 25.19, 0.00, 0.75, 0.00, 0.00, 0.00, 0.00, 0.00, 0.00, 74.06
1537879805, 25.25, 0.00, 0.25, 1.00, 0.00, 0.00, 0.00, 0.00, 0.00, 73.50
1537879806, 25.50, 0.00, 0.25, 0.00, 0.00, 0.00, 0.00, 0.00, 0.00, 74.25
1537879807, 25.50, 0.00, 0.25, 0.00, 0.00, 0.00, 0.00, 0.00, 0.00, 74.25
1537879808, 25.00, 0.00, 0.75, 0.00, 0.00, 0.00, 0.00, 0.00, 0.00, 74.25
1537879809, 25.25, 0.00, 0.50, 0.25, 0.00, 0.00, 0.00, 0.00, 0.00, 74.00
1537879810, 25.13, 0.00, 0.50, 0.50, 0.00, 0.00, 0.00, 0.00, 0.00, 73.87
1537879811, 25.31, 0.00, 0.25, 0.25, 0.00, 0.00, 0.00, 0.00, 0.00, 74.19
1537879812, 25.25, 0.00, 0.50, 0.00, 0.00, 0.00, 0.00, 0.00, 0.00, 74.25
1537879813, 25.31, 0.00, 0.50, 0.00, 0.00, 0.00, 0.00, 0.00, 0.00, 74.19
1537879814, 25.19, 0.00, 0.50, 0.00, 0.00, 0.00, 0.00, 0.00, 0.00, 74.31
1537879815, 25.50, 0.00, 0.25, 1.00, 0.00, 0.00, 0.00, 0.00, 0.00, 73.25
1537879816, 25.06, 0.00, 0.50, 0.00, 0.00, 0.00, 0.00, 0.00, 0.00, 74.44
1537879817, 25.25, 0.00, 0.50, 0.25, 0.00, 0.00, 0.00, 0.00, 0.00, 74.00
1537879818, 25.00, 0.00, 0.50, 0.00, 0.00, 0.00, 0.00, 0.00, 0.00, 74.50
1537879819, 25.13, 0.00, 0.50, 0.00, 0.00, 0.00, 0.00, 0.00, 0.00, 74.37
1537879820, 25.37, 0.00, 0.50, 0.75, 0.00, 0.00, 0.00, 0.00, 0.00, 73.38
1537879821, 25.50, 0.00, 0.25, 0.00, 0.00, 0.00, 0.00, 0.00, 0.00, 74.25
1537879822, 25.50, 0.00, 0.25, 0.00, 0.00, 0.00, 0.00, 0.00, 0.00, 74.25
1537879823, 25.06, 0.00, 0.50, 0.25, 0.00, 0.00, 0.00, 0.00, 0.00, 74.19
1537879824, 25.19, 0.00, 0.75, 0.00, 0.00, 0.00, 0.00, 0.00, 0.00, 74.06
1537879825, 25.06, 0.00, 0.50, 0.75, 0.00, 0.00, 0.00, 0.00, 0.00, 73.68
1537879826, 25.25, 0.00, 0.50, 0.00, 0.00, 0.00, 0.00, 0.00, 0.00, 74.25
1537879827, 25.13, 0.00, 0.50, 0.00, 0.00, 0.00, 0.00, 0.00, 0.00, 74.37
1537879828, 25.19, 0.00, 0.50, 0.00, 0.00, 0.00, 0.00, 0.00, 0.00, 74.31
1537879829, 25.06, 0.00, 0.50, 0.25, 0.00, 0.00, 0.00, 0.00, 0.00, 74.19
1537879830, 25.50, 0.00, 0.25, 0.75, 0.00, 0.00, 0.00, 0.00, 0.00, 73.50
1537879831, 25.00, 0.00, 0.50, 0.25, 0.00, 0.00, 0.00, 0.00, 0.00, 74.25
1537879832, 25.19, 0.00, 0.75, 0.00, 0.00, 0.00, 0.00, 0.00, 0.00, 74.06
1537879833, 25.25, 0.00, 0.50, 0.00, 0.00, 0.00, 0.00, 0.00, 0.00, 74.25
1537879834, 25.00, 0.00, 0.75, 0.00, 0.00, 0.00, 0.00, 0.00, 0.00, 74.25
1537879835, 25.25, 0.00, 0.50, 0.75, 0.00, 0.00, 0.00, 0.00, 0.00, 73.50
1537879836, 25.50, 0.00, 0.00, 0.00, 0.00, 0.25, 0.00, 0.00, 0.00, 74.25
1537879837, 25.00, 0.00, 0.75, 0.25, 0.00, 0.00, 0.00, 0.00, 0.00, 74.00
1537879838, 25.31, 0.00, 0.25, 0.00, 0.00, 0.00, 0.00, 0.00, 0.00, 74.44
1537879839, 25.31, 0.00, 0.50, 0.00, 0.00, 0.00, 0.00, 0.00, 0.00, 74.19
1537879840, 25.25, 0.00, 0.50, 1.00, 0.00, 0.00, 0.00, 0.00, 0.00, 73.25
1537879841, 25.19, 0.00, 1.00, 0.00, 0.00, 0.00, 0.00, 0.00, 0.00, 73.82
1537879842, 25.31, 0.00, 0.25, 0.00, 0.00, 0.00, 0.00, 0.00, 0.00, 74.44
1537879843, 25.25, 0.00, 0.50, 0.00, 0.00, 0.00, 0.00, 0.00, 0.00, 74.25
1537879844, 25.06, 0.00, 0.50, 0.00, 0.00, 0.00, 0.00, 0.00, 0.00, 74.44
1537879845, 25.50, 0.00, 0.25, 0.75, 0.00, 0.00, 0.00, 0.00, 0.00, 73.50
1537879846, 25.19, 0.00, 0.25, 0.25, 0.00, 0.00, 0.00, 0.00, 0.00, 74.31
1537879847, 25.25, 0.00, 0.00, 0.00, 0.00, 0.00, 0.00, 0.00, 0.00, 74.75
1537879848, 25.81, 0.00, 0.50, 0.00, 0.00, 0.00, 0.00, 0.00, 0.00, 73.68
1537879849, 26.25, 0.00, 1.00, 0.00, 0.00, 0.00, 0.00, 0.00, 0.00, 72.75
1537879850, 26.32, 0.00, 0.75, 0.75, 0.00, 0.00, 0.00, 0.00, 0.00, 72.18
1537879851, 26.07, 0.00, 1.00, 0.00, 0.00, 0.00, 0.00, 0.00, 0.00, 72.93
1537879852, 26.18, 0.00, 0.75, 0.25, 0.00, 0.25, 0.00, 0.00, 0.00, 72.57
1537879853, 26.25, 0.00, 0.75, 0.00, 0.00, 0.25, 0.00, 0.00, 0.00, 72.75
1537879854, 25.50, 0.00, 1.75, 0.00, 0.00, 0.00, 0.00, 0.00, 0.00, 72.75
1537879855, 26.25, 0.00, 0.75, 0.75, 0.00, 0.25, 0.00, 0.00, 0.00, 72.00
1537879856, 26.13, 0.00, 0.50, 0.25, 0.00, 0.25, 0.00, 0.00, 0.00, 72.86
1537879857, 26.32, 0.00, 0.75, 0.00, 0.00, 0.00, 0.00, 0.00, 0.00, 72.93
1537879858, 25.94, 0.00, 1.25, 0.25, 0.00, 0.00, 0.00, 0.00, 0.00, 72.57
1537879859, 27.00, 0.00, 1.75, 5.50, 0.00, 0.00, 0.00, 0.00, 0.00, 65.75
1537879860, 46.35, 0.00, 1.76, 2.77, 0.00, 0.00, 0.00, 0.00, 0.00, 49.12
1537879861, 22.94, 0.00, 0.75, 24.69, 0.00, 0.00, 0.00, 0.00, 0.00, 51.62
1537879862, 24.19, 0.00, 1.25, 14.96, 0.00, 0.50, 0.00, 0.00, 0.00, 59.10
1537879863, 23.74, 0.00, 0.51, 7.07, 0.00, 0.00, 0.00, 0.00, 0.00, 68.69
1537879864, 25.37, 0.00, 0.75, 0.25, 0.00, 0.00, 0.00, 0.00, 0.00, 73.63
1537879865, 25.50, 0.00, 0.50, 0.75, 0.00, 0.00, 0.00, 0.00, 0.00, 73.25
1537879866, 25.31, 0.00, 0.50, 0.00, 0.00, 0.00, 0.00, 0.00, 0.00, 74.19
1537879867, 25.50, 0.00, 0.25, 0.00, 0.00, 0.00, 0.00, 0.00, 0.00, 74.25
1537879868, 25.19, 0.00, 0.50, 0.25, 0.00, 0.00, 0.00, 0.00, 0.00, 74.06
1537879869, 25.06, 0.00, 0.50, 0.00, 0.00, 0.00, 0.00, 0.00, 0.00, 74.44
1537879870, 25.19, 0.00, 0.75, 0.50, 0.00, 0.00, 0.00, 0.00, 0.00, 73.57
1537879871, 25.31, 0.00, 0.25, 0.00, 0.00, 0.00, 0.00, 0.00, 0.00, 74.44
1537879872, 25.31, 0.00, 0.25, 0.00, 0.00, 0.00, 0.00, 0.00, 0.00, 74.44
1537879873, 24.94, 0.00, 1.00, 0.00, 0.00, 0.00, 0.00, 0.00, 0.00, 74.06
1537879874, 25.06, 0.00, 0.50, 0.25, 0.00, 0.00, 0.00, 0.00, 0.00, 74.19
1537879875, 25.19, 0.00, 0.50, 0.75, 0.00, 0.25, 0.00, 0.00, 0.00, 73.32
1537879876, 25.06, 0.00, 0.25, 0.25, 0.00, 0.00, 0.00, 0.00, 0.00, 74.44
1537879877, 25.50, 0.00, 0.25, 0.00, 0.00, 0.00, 0.00, 0.00, 0.00, 74.25
1537879878, 25.06, 0.00, 0.50, 0.00, 0.00, 0.00, 0.00, 0.00, 0.00, 74.44
1537879879, 25.12, 0.00, 0.75, 0.00, 0.00, 0.25, 0.00, 0.00, 0.00, 73.88
1537879880, 25.31, 0.00, 0.25, 1.00, 0.00, 0.00, 0.00, 0.00, 0.00, 73.43
1537879881, 25.06, 0.00, 0.50, 0.00, 0.00, 0.00, 0.00, 0.00, 0.00, 74.44
1537879882, 25.13, 0.00, 0.50, 0.00, 0.00, 0.00, 0.00, 0.00, 0.00, 74.37
1537879883, 25.06, 0.00, 0.50, 0.00, 0.00, 0.00, 0.00, 0.00, 0.00, 74.44
1537879884, 25.50, 0.00, 0.50, 0.00, 0.00, 0.00, 0.00, 0.00, 0.00, 74.00
1537879885, 25.00, 0.00, 0.50, 0.75, 0.00, 0.00, 0.00, 0.00, 0.00, 73.75
1537879886, 25.06, 0.00, 0.50, 0.25, 0.00, 0.00, 0.00, 0.00, 0.00, 74.19
1537879887, 25.50, 0.00, 0.25, 0.00, 0.00, 0.00, 0.00, 0.00, 0.00, 74.25
1537879888, 26.57, 0.00, 0.50, 0.75, 0.00, 0.00, 0.00, 0.00, 0.00, 72.18
1537879889, 24.94, 0.00, 0.75, 0.00, 0.00, 0.25, 0.00, 0.00, 0.00, 74.06
1537879890, 25.31, 0.00, 0.25, 0.75, 0.00, 0.00, 0.00, 0.00, 0.00, 73.68
1537879891, 25.44, 0.00, 0.75, 0.25, 0.00, 0.00, 0.00, 0.00, 0.00, 73.57
1537879892, 25.25, 0.00, 0.50, 0.25, 0.00, 0.00, 0.00, 0.00, 0.00, 74.00
1537879893, 25.06, 0.00, 0.50, 0.00, 0.00, 0.00, 0.00, 0.00, 0.00, 74.44
1537879894, 25.19, 0.00, 1.00, 0.00, 0.00, 0.00, 0.00, 0.00, 0.00, 73.82
1537879895, 25.19, 0.00, 0.50, 0.75, 0.00, 0.00, 0.00, 0.00, 0.00, 73.57
1537879896, 24.94, 0.00, 0.75, 0.00, 0.00, 0.25, 0.00, 0.00, 0.00, 74.06
1537879897, 25.25, 0.00, 0.50, 0.00, 0.00, 0.00, 0.00, 0.00, 0.00, 74.25
1537879898, 25.25, 0.00, 0.50, 0.25, 0.00, 0.00, 0.00, 0.00, 0.00, 74.00
1537879899, 25.37, 0.00, 0.75, 0.00, 0.00, 0.00, 0.00, 0.00, 0.00, 73.88
1537879900, 25.06, 0.00, 0.50, 0.75, 0.00, 0.00, 0.00, 0.00, 0.00, 73.68
1537879901, 25.06, 0.00, 0.50, 0.00, 0.00, 0.00, 0.00, 0.00, 0.00, 74.44
1537879902, 24.75, 0.00, 0.25, 0.25, 0.00, 0.00, 0.00, 0.00, 0.00, 74.75
1537879903, 25.19, 0.00, 0.75, 0.00, 0.00, 0.00, 0.00, 0.00, 0.00, 74.06
1537879904, 25.06, 0.00, 0.50, 0.00, 0.00, 0.00, 0.00, 0.00, 0.00, 74.44
1537879905, 25.31, 0.00, 0.25, 0.75, 0.00, 0.00, 0.00, 0.00, 0.00, 73.68
1537879906, 25.25, 0.00, 0.50, 0.00, 0.00, 0.00, 0.00, 0.00, 0.00, 74.25
1537879907, 25.50, 0.00, 0.25, 0.00, 0.00, 0.00, 0.00, 0.00, 0.00, 74.25
1537879908, 25.25, 0.00, 0.50, 0.25, 0.00, 0.00, 0.00, 0.00, 0.00, 74.00
1537879909, 25.25, 0.00, 0.50, 0.00, 0.00, 0.00, 0.00, 0.00, 0.00, 74.25
1537879910, 25.06, 0.00, 0.75, 0.75, 0.00, 0.00, 0.00, 0.00, 0.00, 73.43
1537879911, 25.25, 0.00, 0.50, 0.00, 0.00, 0.00, 0.00, 0.00, 0.00, 74.25
1537879912, 25.44, 0.00, 0.25, 0.25, 0.00, 0.00, 0.00, 0.00, 0.00, 74.06
1537879913, 25.13, 0.00, 0.25, 0.00, 0.00, 0.00, 0.00, 0.00, 0.00, 74.62
1537879914, 25.62, 0.00, 0.25, 0.00, 0.00, 0.25, 0.00, 0.00, 0.00, 73.88
1537879916, 25.25, 0.00, 0.50, 0.75, 0.00, 0.00, 0.00, 0.00, 0.00, 73.50
1537879917, 25.25, 0.00, 0.25, 0.25, 0.00, 0.00, 0.00, 0.00, 0.00, 74.25
1537879918, 25.69, 0.00, 0.25, 0.00, 0.00, 0.00, 0.00, 0.00, 0.00, 74.06
1537879919, 25.25, 0.00, 0.00, 0.00, 0.00, 0.00, 0.00, 0.00, 0.00, 74.75
1537879920, 25.31, 0.00, 0.50, 0.00, 0.00, 0.00, 0.00, 0.00, 0.00, 74.19
1537879921, 25.25, 0.00, 0.50, 1.00, 0.00, 0.00, 0.00, 0.00, 0.00, 73.25
1537879922, 25.25, 0.00, 0.50, 0.00, 0.00, 0.00, 0.00, 0.00, 0.00, 74.25
1537879923, 25.31, 0.00, 0.25, 0.00, 0.00, 0.00, 0.00, 0.00, 0.00, 74.44
1537879924, 25.25, 0.00, 0.50, 0.00, 0.00, 0.00, 0.00, 0.00, 0.00, 74.25
1537879925, 25.19, 0.00, 0.75, 0.25, 0.00, 0.00, 0.00, 0.00, 0.00, 73.82
1537879926, 25.13, 0.00, 0.50, 0.75, 0.00, 0.00, 0.00, 0.00, 0.00, 73.62
1537879927, 25.37, 0.00, 0.50, 0.25, 0.00, 0.00, 0.00, 0.00, 0.00, 73.88
1537879928, 25.31, 0.00, 0.25, 0.00, 0.00, 0.00, 0.00, 0.00, 0.00, 74.44
1537879929, 25.31, 0.00, 0.25, 0.00, 0.00, 0.00, 0.00, 0.00, 0.00, 74.44
1537879930, 25.31, 0.00, 0.25, 0.00, 0.00, 0.00, 0.00, 0.00, 0.00, 74.44
1537879931, 25.25, 0.00, 0.50, 1.00, 0.00, 0.00, 0.00, 0.00, 0.00, 73.25
1537879932, 25.25, 0.00, 0.50, 0.00, 0.00, 0.00, 0.00, 0.00, 0.00, 74.25
1537879933, 25.31, 0.00, 0.50, 0.00, 0.00, 0.00, 0.00, 0.00, 0.00, 74.19
1537879934, 25.50, 0.00, 0.25, 0.00, 0.00, 0.00, 0.00, 0.00, 0.00, 74.25
1537879935, 25.00, 0.00, 0.50, 0.25, 0.00, 0.00, 0.00, 0.00, 0.00, 74.25
1537879936, 25.38, 0.00, 7.54, 0.50, 0.00, 0.00, 0.00, 0.00, 0.00, 66.58
1537879937, 25.12, 0.00, 4.23, 0.25, 0.00, 0.00, 0.00, 0.00, 0.00, 70.40
1537879938, 25.25, 0.00, 0.50, 0.00, 0.00, 0.00, 0.00, 0.00, 0.00, 74.25
1537879939, 24.75, 0.00, 1.25, 0.00, 0.00, 0.00, 0.00, 0.00, 0.00, 74.00
1537879940, 25.31, 0.00, 0.25, 0.00, 0.00, 0.00, 0.00, 0.00, 0.00, 74.44
1537879941, 25.12, 0.00, 0.50, 1.00, 0.00, 0.25, 0.00, 0.00, 0.00, 73.13
1537879942, 25.25, 0.00, 0.50, 0.00, 0.00, 0.00, 0.00, 0.00, 0.00, 74.25
1537879943, 25.19, 0.00, 0.25, 0.00, 0.00, 0.00, 0.00, 0.00, 0.00, 74.56
1537879944, 25.25, 0.00, 0.50, 0.00, 0.00, 0.00, 0.00, 0.00, 0.00, 74.25
1537879945, 25.37, 0.00, 0.50, 0.25, 0.00, 0.00, 0.00, 0.00, 0.00, 73.88
1537879946, 25.13, 0.00, 0.50, 0.50, 0.00, 0.00, 0.00, 0.00, 0.00, 73.87
1537879947, 25.44, 0.00, 0.25, 0.25, 0.00, 0.00, 0.00, 0.00, 0.00, 74.06
1537879948, 25.44, 0.00, 0.50, 0.00, 0.00, 0.00, 0.00, 0.00, 0.00, 74.06
1537879949, 25.25, 0.00, 0.50, 0.00, 0.00, 0.00, 0.00, 0.00, 0.00, 74.25
1537879950, 25.25, 0.00, 0.50, 0.00, 0.00, 0.00, 0.00, 0.00, 0.00, 74.25
1537879951, 25.19, 0.00, 0.50, 1.00, 0.00, 0.00, 0.00, 0.00, 0.00, 73.32
1537879952, 25.25, 0.00, 0.50, 0.00, 0.00, 0.00, 0.00, 0.00, 0.00, 74.25
1537879953, 25.56, 0.00, 0.25, 0.00, 0.00, 0.00, 0.00, 0.00, 0.00, 74.19
1537879954, 25.25, 0.00, 0.50, 0.00, 0.00, 0.00, 0.00, 0.00, 0.00, 74.25
1537879955, 25.25, 0.00, 0.25, 0.25, 0.00, 0.00, 0.00, 0.00, 0.00, 74.25
1537879956, 25.25, 0.00, 0.50, 0.75, 0.00, 0.00, 0.00, 0.00, 0.00, 73.50
1537879957, 25.13, 0.00, 0.25, 0.00, 0.00, 0.00, 0.00, 0.00, 0.00, 74.62
1537879958, 25.19, 0.00, 0.25, 0.00, 0.00, 0.00, 0.00, 0.00, 0.00, 74.56
1537879959, 25.25, 0.00, 0.25, 0.25, 0.00, 0.00, 0.00, 0.00, 0.00, 74.25
1537879960, 25.25, 0.00, 0.50, 0.00, 0.00, 0.00, 0.00, 0.00, 0.00, 74.25
1537879961, 25.19, 0.00, 0.75, 0.75, 0.00, 0.00, 0.00, 0.00, 0.00, 73.32
1537879962, 25.56, 0.00, 0.00, 0.00, 0.00, 0.00, 0.00, 0.00, 0.00, 74.44
1537879963, 25.31, 0.00, 0.50, 0.00, 0.00, 0.00, 0.00, 0.00, 0.00, 74.19
1537879964, 25.25, 0.00, 0.50, 0.00, 0.00, 0.00, 0.00, 0.00, 0.00, 74.25
1537879965, 25.19, 0.00, 0.50, 0.25, 0.00, 0.00, 0.00, 0.00, 0.00, 74.06
1537879966, 25.25, 0.00, 0.50, 0.75, 0.00, 0.00, 0.00, 0.00, 0.00, 73.50
1537879967, 25.31, 0.00, 0.25, 0.00, 0.00, 0.00, 0.00, 0.00, 0.00, 74.44
1537879968, 25.06, 0.00, 0.50, 0.00, 0.00, 0.00, 0.00, 0.00, 0.00, 74.44
1537879969, 25.25, 0.00, 0.50, 0.25, 0.00, 0.00, 0.00, 0.00, 0.00, 74.00
1537879970, 25.25, 0.00, 0.75, 0.00, 0.00, 0.00, 0.00, 0.00, 0.00, 74.00
1537879971, 25.50, 0.00, 0.50, 0.75, 0.00, 0.00, 0.00, 0.00, 0.00, 73.25
1537879972, 25.06, 0.00, 0.50, 0.00, 0.00, 0.00, 0.00, 0.00, 0.00, 74.44
1537879973, 25.06, 0.00, 0.50, 0.00, 0.00, 0.00, 0.00, 0.00, 0.00, 74.44
1537879974, 25.00, 0.00, 0.75, 0.00, 0.00, 0.00, 0.00, 0.00, 0.00, 74.25
1537879975, 25.00, 0.00, 0.50, 0.25, 0.00, 0.00, 0.00, 0.00, 0.00, 74.25
1537879976, 25.31, 0.00, 0.25, 0.75, 0.00, 0.00, 0.00, 0.00, 0.00, 73.68
1537879977, 25.25, 0.00, 0.75, 0.00, 0.00, 0.00, 0.00, 0.00, 0.00, 74.00
1537879978, 25.31, 0.00, 0.50, 0.00, 0.00, 0.00, 0.00, 0.00, 0.00, 74.19
1537879979, 25.25, 0.00, 0.50, 0.25, 0.00, 0.00, 0.00, 0.00, 0.00, 74.00
1537879980, 25.50, 0.00, 0.25, 0.00, 0.00, 0.00, 0.00, 0.00, 0.00, 74.25
1537879981, 25.50, 0.00, 0.50, 0.75, 0.00, 0.00, 0.00, 0.00, 0.00, 73.25
1537879982, 25.13, 0.00, 0.50, 0.00, 0.00, 0.00, 0.00, 0.00, 0.00, 74.37
1537879983, 25.25, 0.00, 0.50, 0.00, 0.00, 0.00, 0.00, 0.00, 0.00, 74.25
1537879984, 25.50, 0.00, 0.25, 0.00, 0.00, 0.00, 0.00, 0.00, 0.00, 74.25
1537879985, 25.06, 0.00, 0.50, 0.00, 0.00, 0.00, 0.00, 0.00, 0.00, 74.44
1537879986, 25.31, 0.00, 0.25, 0.75, 0.00, 0.00, 0.00, 0.00, 0.00, 73.68
1537879987, 25.00, 0.00, 0.75, 0.00, 0.00, 0.00, 0.00, 0.00, 0.00, 74.25
1537879988, 25.19, 0.00, 0.75, 0.00, 0.00, 0.00, 0.00, 0.00, 0.00, 74.06
1537879989, 25.31, 0.00, 0.25, 0.25, 0.00, 0.00, 0.00, 0.00, 0.00, 74.19
1537879990, 25.50, 0.00, 0.50, 0.00, 0.00, 0.00, 0.00, 0.00, 0.00, 74.00
1537879991, 25.31, 0.00, 0.50, 0.75, 0.00, 0.00, 0.00, 0.00, 0.00, 73.43
1537879992, 25.25, 0.00, 0.50, 0.00, 0.00, 0.00, 0.00, 0.00, 0.00, 74.25
1537879993, 25.06, 0.00, 0.50, 0.25, 0.00, 0.00, 0.00, 0.00, 0.00, 74.19
1537879994, 25.13, 0.00, 0.25, 0.00, 0.00, 0.00, 0.00, 0.00, 0.00, 74.62
1537879995, 25.19, 0.00, 0.75, 0.00, 0.00, 0.00, 0.00, 0.00, 0.00, 74.06
1537879996, 25.25, 0.00, 0.50, 0.75, 0.00, 0.00, 0.00, 0.00, 0.00, 73.50
1537879997, 25.19, 0.00, 0.75, 0.00, 0.00, 0.00, 0.00, 0.00, 0.00, 74.06
1537879998, 25.06, 0.00, 0.50, 0.00, 0.00, 0.00, 0.00, 0.00, 0.00, 74.44
1537879999, 25.25, 0.00, 0.50, 0.00, 0.00, 0.00, 0.00, 0.00, 0.00, 74.25
1537880000, 25.19, 0.00, 0.50, 0.25, 0.00, 0.00, 0.00, 0.00, 0.00, 74.06
1537880001, 25.13, 0.00, 0.50, 0.75, 0.00, 0.00, 0.00, 0.00, 0.00, 73.62
1537880002, 25.19, 0.00, 0.50, 0.25, 0.00, 0.00, 0.00, 0.00, 0.00, 74.06
1537880003, 25.56, 0.00, 0.00, 0.00, 0.00, 0.00, 0.00, 0.00, 0.00, 74.44
1537880004, 25.25, 0.00, 0.50, 0.00, 0.00, 0.00, 0.00, 0.00, 0.00, 74.25
1537880005, 25.31, 0.00, 0.25, 0.00, 0.00, 0.00, 0.00, 0.00, 0.00, 74.44
1537880006, 25.25, 0.00, 0.50, 1.00, 0.00, 0.00, 0.00, 0.00, 0.00, 73.25
1537880007, 25.06, 0.00, 0.50, 0.00, 0.00, 0.00, 0.00, 0.00, 0.00, 74.44
1537880008, 24.94, 0.00, 0.75, 0.25, 0.00, 0.00, 0.00, 0.00, 0.00, 74.06
1537880009, 25.19, 0.00, 0.75, 0.00, 0.00, 0.00, 0.00, 0.00, 0.00, 74.06
1537880010, 25.56, 0.00, 0.25, 0.00, 0.00, 0.00, 0.00, 0.00, 0.00, 74.19
1537880011, 25.19, 0.00, 0.50, 0.75, 0.00, 0.00, 0.00, 0.00, 0.00, 73.57
1537880012, 25.38, 0.00, 0.25, 0.00, 0.00, 0.00, 0.00, 0.00, 0.00, 74.37
1537880013, 24.94, 0.00, 0.50, 0.00, 0.00, 0.00, 0.00, 0.00, 0.00, 74.56
1537880014, 25.06, 0.00, 0.25, 0.25, 0.00, 0.00, 0.00, 0.00, 0.00, 74.44
1537880015, 25.00, 0.00, 0.75, 0.00, 0.00, 0.00, 0.00, 0.00, 0.00, 74.25
1537880016, 25.50, 0.00, 0.25, 1.00, 0.00, 0.00, 0.00, 0.00, 0.00, 73.25
1537880017, 24.94, 0.00, 1.00, 0.00, 0.00, 0.00, 0.00, 0.00, 0.00, 74.06
1537880018, 25.56, 0.00, 0.00, 0.00, 0.00, 0.00, 0.00, 0.00, 0.00, 74.44
1537880019, 25.00, 0.00, 0.75, 0.00, 0.00, 0.00, 0.00, 0.00, 0.00, 74.25
1537880020, 25.69, 0.00, 0.50, 0.00, 0.00, 0.00, 0.00, 0.00, 0.00, 73.82
1537880021, 25.25, 0.00, 0.50, 0.75, 0.00, 0.00, 0.00, 0.00, 0.00, 73.50
1537880022, 25.25, 0.00, 0.75, 0.00, 0.00, 0.00, 0.00, 0.00, 0.00, 74.00
1537880023, 25.06, 0.00, 0.50, 0.00, 0.00, 0.00, 0.00, 0.00, 0.00, 74.44
1537880024, 25.19, 0.00, 0.75, 0.00, 0.00, 0.00, 0.00, 0.00, 0.00, 74.06
1537880025, 25.31, 0.00, 0.25, 0.00, 0.00, 0.00, 0.00, 0.00, 0.00, 74.44
1537880026, 25.50, 0.00, 0.25, 0.75, 0.00, 0.00, 0.00, 0.00, 0.00, 73.50
1537880027, 25.50, 0.00, 0.25, 0.00, 0.00, 0.00, 0.00, 0.00, 0.00, 74.25
1537880028, 25.06, 0.00, 0.25, 0.25, 0.00, 0.00, 0.00, 0.00, 0.00, 74.44
1537880029, 25.44, 0.00, 0.50, 0.00, 0.00, 0.00, 0.00, 0.00, 0.00, 74.06
1537880030, 25.06, 0.00, 0.50, 0.00, 0.00, 0.00, 0.00, 0.00, 0.00, 74.44
1537880031, 24.94, 0.00, 1.00, 0.75, 0.00, 0.00, 0.00, 0.00, 0.00, 73.32
1537880032, 25.50, 0.00, 0.25, 0.25, 0.00, 0.00, 0.00, 0.00, 0.00, 74.00
1537880033, 25.00, 0.00, 0.75, 0.00, 0.00, 0.00, 0.00, 0.00, 0.00, 74.25
1537880034, 25.06, 0.00, 0.50, 0.00, 0.00, 0.00, 0.00, 0.00, 0.00, 74.44
1537880035, 25.25, 0.00, 0.50, 0.00, 0.00, 0.00, 0.00, 0.00, 0.00, 74.25
1537880036, 24.94, 0.00, 0.75, 1.00, 0.00, 0.00, 0.00, 0.00, 0.00, 73.32
1537880037, 25.25, 0.00, 0.25, 0.00, 0.00, 0.25, 0.00, 0.00, 0.00, 74.25
1537880038, 25.19, 0.00, 0.75, 0.00, 0.00, 0.00, 0.00, 0.00, 0.00, 74.06
1537880039, 25.38, 0.00, 0.25, 0.00, 0.00, 0.00, 0.00, 0.00, 0.00, 74.37
1537880040, 25.12, 0.00, 0.75, 0.25, 0.00, 0.00, 0.00, 0.00, 0.00, 73.88
1537880041, 25.31, 0.00, 0.50, 0.75, 0.00, 0.00, 0.00, 0.00, 0.00, 73.43
1537880042, 25.06, 0.00, 0.50, 0.00, 0.00, 0.00, 0.00, 0.00, 0.00, 74.44
1537880043, 25.19, 0.00, 0.75, 0.00, 0.00, 0.00, 0.00, 0.00, 0.00, 74.06
1537880044, 25.31, 0.00, 0.25, 0.25, 0.00, 0.00, 0.00, 0.00, 0.00, 74.19
1537880045, 25.19, 0.00, 0.75, 0.00, 0.00, 0.00, 0.00, 0.00, 0.00, 74.06
1537880046, 25.13, 0.00, 0.50, 0.50, 0.00, 0.00, 0.00, 0.00, 0.00, 73.87
1537880047, 25.00, 0.00, 0.75, 0.00, 0.00, 0.00, 0.00, 0.00, 0.00, 74.25
1537880048, 25.19, 0.00, 0.50, 0.25, 0.00, 0.00, 0.00, 0.00, 0.00, 74.06
1537880049, 25.31, 0.00, 0.25, 0.00, 0.00, 0.00, 0.00, 0.00, 0.00, 74.44
1537880050, 25.44, 0.00, 0.75, 0.00, 0.00, 0.00, 0.00, 0.00, 0.00, 73.82
1537880051, 24.94, 0.00, 0.50, 0.75, 0.00, 0.25, 0.00, 0.00, 0.00, 73.57
1537880052, 25.00, 0.00, 0.75, 0.25, 0.00, 0.00, 0.00, 0.00, 0.00, 74.00
1537880053, 13.60, 0.00, 1.51, 9.57, 0.00, 0.00, 0.00, 0.00, 0.00, 75.31
1537880054, 13.25, 0.00, 2.00, 10.50, 0.00, 0.25, 0.00, 0.00, 0.00, 74.00
1537880055, 17.96, 0.00, 2.00, 5.99, 0.00, 0.00, 0.00, 0.00, 0.00, 74.06
1537880056, 19.05, 0.00, 0.50, 6.77, 0.00, 0.00, 0.00, 0.00, 0.00, 73.68
1537880057, 18.30, 0.00, 1.50, 5.76, 0.00, 0.00, 0.00, 0.00, 0.00, 74.44
1537880058, 17.00, 0.00, 1.25, 7.75, 0.00, 0.00, 0.00, 0.00, 0.00, 74.00
1537880059, 12.28, 0.00, 1.00, 12.28, 0.00, 0.00, 0.00, 0.00, 0.00, 74.44
1537880060, 19.20, 0.00, 1.00, 5.74, 0.00, 0.00, 0.00, 0.00, 0.00, 74.06
1537880061, 13.43, 0.00, 1.24, 12.19, 0.00, 0.25, 0.00, 0.00, 0.00, 72.89
1537880062, 11.53, 0.00, 1.00, 32.08, 0.00, 0.25, 0.00, 0.00, 0.00, 55.14
1537880063, 14.00, 0.00, 1.25, 17.25, 0.00, 0.25, 0.00, 0.00, 0.00, 67.25
1537880064, 12.03, 0.00, 0.50, 13.03, 0.00, 0.25, 0.00, 0.00, 0.00, 74.19
1537880065, 13.18, 0.00, 1.24, 11.44, 0.00, 0.25, 0.00, 0.00, 0.00, 73.88
1537880066, 17.79, 0.00, 1.00, 7.52, 0.00, 0.00, 0.00, 0.00, 0.00, 73.68
1537880067, 18.84, 0.00, 0.75, 5.28, 0.00, 0.00, 0.00, 0.00, 0.00, 75.13
1537880068, 20.55, 0.00, 1.00, 4.01, 0.00, 0.00, 0.00, 0.00, 0.00, 74.44
1537880069, 21.00, 0.00, 0.50, 4.25, 0.00, 0.00, 0.00, 0.00, 0.00, 74.25
1537880070, 20.80, 0.00, 1.00, 4.01, 0.00, 0.00, 0.00, 0.00, 0.00, 74.19
1537880071, 20.70, 0.00, 1.25, 4.74, 0.00, 0.00, 0.00, 0.00, 0.00, 73.32
1537880072, 21.30, 0.00, 0.75, 3.76, 0.00, 0.00, 0.00, 0.00, 0.00, 74.19
1537880073, 20.55, 0.00, 0.75, 4.26, 0.00, 0.00, 0.00, 0.00, 0.00, 74.44
1537880074, 20.00, 0.00, 1.25, 4.75, 0.00, 0.00, 0.00, 0.00, 0.00, 74.00
1537880075, 20.00, 0.00, 0.75, 5.00, 0.00, 0.00, 0.00, 0.00, 0.00, 74.25
1537880076, 18.80, 0.00, 1.00, 6.52, 0.00, 0.00, 0.00, 0.00, 0.00, 73.68
1537880077, 16.33, 0.00, 1.01, 8.04, 0.00, 0.25, 0.00, 0.00, 0.00, 74.37
1537880078, 20.70, 0.00, 1.00, 4.24, 0.00, 0.00, 0.00, 0.00, 0.00, 74.06
1537880079, 14.50, 0.00, 1.25, 18.25, 0.00, 0.50, 0.00, 0.00, 0.00, 65.50
1537880080, 14.75, 0.00, 1.50, 29.00, 0.00, 0.00, 0.00, 0.00, 0.00, 54.75
1537880081, 14.25, 0.00, 1.00, 18.00, 0.00, 0.25, 0.00, 0.00, 0.00, 66.50
1537880082, 13.50, 0.00, 1.00, 23.50, 0.00, 0.25, 0.00, 0.00, 0.00, 61.75
1537880083, 18.20, 0.00, 1.00, 9.23, 0.00, 0.00, 0.00, 0.00, 0.00, 71.57
1537880084, 20.25, 0.00, 1.00, 4.75, 0.00, 0.00, 0.00, 0.00, 0.00, 74.00
1537880085, 20.00, 0.00, 1.00, 5.25, 0.00, 0.00, 0.00, 0.00, 0.00, 73.75
1537880086, 19.50, 0.00, 0.75, 6.25, 0.00, 0.00, 0.00, 0.00, 0.00, 73.50
1537880087, 20.25, 0.00, 1.25, 4.50, 0.00, 0.00, 0.00, 0.00, 0.00, 74.00
1537880088, 19.75, 0.00, 1.50, 4.75, 0.00, 0.00, 0.00, 0.00, 0.00, 74.00
1537880089, 20.50, 0.00, 1.25, 4.25, 0.00, 0.00, 0.00, 0.00, 0.00, 74.00
1537880090, 21.05, 0.00, 1.00, 3.76, 0.00, 0.00, 0.00, 0.00, 0.00, 74.19
1537880091, 20.45, 0.00, 1.25, 4.74, 0.00, 0.00, 0.00, 0.00, 0.00, 73.57
