TIMESTAMP, USER, NICE, SYS, IOWAIT, IRQ, SOFT, STEAL, GUEST, GNICE, IDLE
1537896000, 13.30, 0.00, 0.38, 2.63, 0.00, 0.00, 0.00, 0.00, 0.00, 83.69
1537896001, 13.64, 0.50, 0.88, 0.13, 0.00, 0.25, 0.00, 0.00, 0.00, 84.61
1537896002, 13.39, 0.00, 0.88, 0.13, 0.00, 0.38, 0.00, 0.00, 0.00, 85.23
1537896003, 13.50, 0.00, 0.75, 0.00, 0.00, 0.50, 0.00, 0.00, 0.00, 85.25
1537896004, 13.39, 0.00, 1.00, 1.38, 0.00, 0.25, 0.00, 0.00, 0.00, 83.98
1537896005, 14.27, 0.00, 0.75, 14.02, 0.00, 0.50, 0.00, 0.00, 0.00, 70.46
1537896006, 13.16, 0.00, 0.75, 1.25, 0.00, 0.25, 0.00, 0.00, 0.00, 84.59
1537896007, 13.38, 0.00, 0.88, 0.62, 0.00, 0.25, 0.00, 0.00, 0.00, 84.88
1537896008, 13.59, 0.00, 0.87, 0.25, 0.00, 0.50, 0.00, 0.00, 0.00, 84.79
1537896009, 13.78, 0.00, 0.88, 0.88, 0.00, 0.13, 0.00, 0.00, 0.00, 84.34
1537896010, 13.47, 0.00, 0.87, 0.37, 0.00, 0.12, 0.00, 0.00, 0.00, 85.16
1537896011, 12.83, 0.00, 0.50, 1.26, 0.00, 0.00, 0.00, 0.00, 0.00, 85.41
1537896012, 13.27, 0.00, 1.38, 0.38, 0.00, 0.00, 0.00, 0.00, 0.00, 84.98
1537896013, 13.28, 0.00, 0.88, 0.63, 0.00, 0.13, 0.00, 0.00, 0.00, 85.09
1537896014, 13.50, 0.00, 1.25, 1.88, 0.00, 0.25, 0.00, 0.00, 0.00, 83.12
1537896015, 17.42, 0.00, 2.26, 0.38, 0.00, 0.25, 0.00, 0.00, 0.00, 79.70
1537896016, 12.69, 0.00, 1.13, 1.13, 0.00, 0.13, 0.00, 0.00, 0.00, 84.92
1537896017, 13.17, 0.00, 0.75, 1.76, 0.00, 0.25, 0.00, 0.00, 0.00, 84.07
1537896018, 13.53, 0.00, 1.00, 0.13, 0.00, 0.00, 0.00, 0.00, 0.00, 85.34
1537896019, 13.41, 0.00, 1.00, 0.38, 0.00, 0.00, 0.00, 0.00, 0.00, 85.21
1537896020, 13.23, 0.00, 1.37, 1.12, 0.00, 0.25, 0.00, 0.00, 0.00, 84.02
1537896021, 13.50, 0.00, 1.00, 0.50, 0.00, 0.25, 0.00, 0.00, 0.00, 84.75
1537896022, 13.05, 0.00, 1.51, 0.13, 0.00, 0.00, 0.00, 0.00, 0.00, 85.32
1537896023, 13.63, 0.00, 1.12, 1.50, 0.00, 0.00, 0.00, 0.00, 0.00, 83.75
1537896024, 13.33, 0.00, 1.49, 0.50, 0.00, 0.12, 0.00, 0.00, 0.00, 84.56
1537896025, 13.30, 0.00, 1.51, 0.13, 0.00, 0.25, 0.00, 0.00, 0.00, 84.82
1537896026, 11.90, 0.00, 1.25, 5.01, 0.00, 0.00, 0.00, 0.00, 0.00, 81.83
1537896027, 13.14, 0.00, 1.38, 3.75, 0.00, 0.00, 0.00, 0.00, 0.00, 81.73
1537896028, 13.12, 0.00, 1.25, 0.50, 0.00, 0.00, 0.00, 0.00, 0.00, 85.12
1537896029, 11.19, 0.00, 2.64, 20.25, 0.00, 0.25, 0.00, 0.00, 0.00, 65.66
1537896030, 7.64, 0.00, 0.75, 66.17, 0.00, 0.00, 0.00, 0.00, 0.00, 25.44
1537896031, 0.25, 0.00, 0.75, 53.13, 0.00, 0.00, 0.00, 0.00, 0.00, 45.86
1537896032, 0.38, 0.00, 0.38, 90.08, 0.00, 0.13, 0.00, 0.00, 0.00, 9.05
1537896034, 12.11, 0.00, 1.12, 26.72, 0.00, 0.00, 0.00, 0.00, 0.00, 60.05
1537896037, 2.89, 0.00, 0.50, 45.42, 0.00, 0.00, 0.00, 0.00, 0.00, 51.19
1537896038, 0.25, 0.00, 0.25, 43.98, 0.00, 0.00, 0.00, 0.00, 0.00, 55.51
1537896039, 4.26, 0.00, 0.63, 54.01, 0.00, 0.00, 0.00, 0.00, 0.00, 41.10
1537896040, 7.63, 0.00, 1.59, 41.46, 0.00, 0.00, 0.00, 0.00, 0.00, 49.32
1537896042, 0.13, 0.00, 0.38, 75.75, 0.00, 0.00, 0.00, 0.00, 0.00, 23.74
1537896042, 0.25, 0.00, 0.50, 65.62, 0.00, 0.00, 0.00, 0.00, 0.00, 33.63
1537896043, 0.25, 0.00, 0.63, 60.65, 0.00, 0.00, 0.00, 0.00, 0.00, 38.47
1537896044, 0.38, 0.00, 0.63, 71.77, 0.00, 0.13, 0.00, 0.00, 0.00, 27.10
1537896045, 12.75, 0.00, 0.93, 63.32, 0.00, 0.00, 0.00, 0.00, 0.00, 23.01
1537896049, 5.04, 0.00, 0.76, 79.60, 0.00, 0.00, 0.00, 0.00, 0.00, 14.61
1537896049, 12.74, 0.00, 1.17, 56.05, 0.00, 0.00, 0.00, 0.00, 0.00, 30.04
1537896051, 13.02, 0.00, 0.25, 56.45, 0.00, 0.00, 0.00, 0.00, 0.00, 30.29
1537896052, 4.24, 0.12, 0.62, 59.98, 0.00, 0.00, 0.00, 0.00, 0.00, 35.04
1537896053, 0.50, 0.00, 1.12, 68.49, 0.00, 0.12, 0.00, 0.00, 0.00, 29.76
1537896054, 12.89, 0.00, 0.63, 69.59, 0.00, 0.00, 0.00, 0.00, 0.00, 16.90
1537896056, 12.56, 0.00, 0.25, 87.19, 0.00, 0.00, 0.00, 0.00, 0.00, 0.00
1537896057, 12.66, 0.00, 0.63, 86.72, 0.00, 0.00, 0.00, 0.00, 0.00, 0.00
1537896058, 4.53, 0.00, 1.26, 94.09, 0.00, 0.00, 0.00, 0.00, 0.00, 0.13
1537896059, 3.25, 0.00, 0.63, 70.96, 0.00, 0.13, 0.00, 0.00, 0.00, 25.03
1537896060, 0.50, 0.00, 0.50, 52.83, 0.00, 0.00, 0.00, 0.00, 0.00, 46.16
1537896061, 2.76, 0.00, 0.75, 61.43, 0.00, 0.00, 0.00, 0.00, 0.00, 35.05
1537896062, 2.38, 0.12, 0.75, 53.50, 0.00, 0.00, 0.00, 0.00, 0.00, 43.25
1537896063, 7.54, 0.00, 0.50, 46.36, 0.00, 0.00, 0.00, 0.00, 0.00, 45.60
1537896064, 4.40, 0.13, 0.75, 42.84, 0.00, 0.13, 0.00, 0.00, 0.00, 51.76
1537896065, 6.27, 0.25, 1.00, 42.48, 0.00, 0.00, 0.00, 0.00, 0.00, 50.00
1537896066, 8.29, 0.25, 0.88, 53.52, 0.00, 0.00, 0.00, 0.00, 0.00, 37.06
1537896067, 10.93, 0.13, 0.75, 28.77, 0.00, 0.00, 0.00, 0.00, 0.00, 59.42
1537896068, 10.85, 0.00, 0.75, 8.85, 0.00, 0.25, 0.00, 0.00, 0.00, 79.30
1537896069, 13.02, 0.00, 0.63, 17.65, 0.00, 0.00, 0.00, 0.00, 0.00, 68.71
1537896070, 11.53, 0.00, 0.63, 19.92, 0.00, 0.00, 0.00, 0.00, 0.00, 67.92
1537896071, 5.62, 0.00, 1.00, 14.62, 0.00, 0.12, 0.00, 0.00, 0.00, 78.62
1537896072, 7.19, 0.00, 1.01, 20.93, 0.00, 0.13, 0.00, 0.00, 0.00, 70.74
1537896073, 8.81, 0.00, 1.38, 21.26, 0.00, 0.00, 0.00, 0.00, 0.00, 68.55
1537896074, 12.89, 0.00, 1.00, 15.27, 0.00, 0.00, 0.00, 0.00, 0.00, 70.84
1537896075, 14.88, 0.00, 1.25, 1.38, 0.00, 0.25, 0.00, 0.00, 0.00, 82.25
1537896076, 14.02, 0.00, 0.75, 1.50, 0.00, 0.13, 0.00, 0.00, 0.00, 83.60
1537896077, 12.91, 0.00, 1.00, 0.63, 0.00, 0.13, 0.00, 0.00, 0.00, 85.34
1537896078, 18.08, 0.00, 1.25, 2.00, 0.00, 0.37, 0.00, 0.00, 0.00, 78.30
1537896079, 15.18, 0.00, 1.51, 10.41, 0.00, 0.13, 0.00, 0.00, 0.00, 72.77
1537896080, 13.93, 0.00, 1.12, 11.82, 0.00, 0.37, 0.00, 0.00, 0.00, 72.76
1537896081, 13.42, 0.00, 1.24, 13.66, 0.00, 0.25, 0.00, 0.00, 0.00, 71.43
1537896082, 13.43, 0.00, 1.87, 1.62, 0.00, 0.12, 0.00, 0.00, 0.00, 82.96
1537896083, 13.27, 0.00, 0.50, 0.88, 0.00, 0.13, 0.00, 0.00, 0.00, 85.23
1537896084, 13.69, 0.00, 1.26, 0.25, 0.00, 0.13, 0.00, 0.00, 0.00, 84.67
1537896085, 12.84, 0.00, 0.62, 1.00, 0.00, 0.37, 0.00, 0.00, 0.00, 85.16
1537896086, 15.57, 0.00, 0.87, 3.74, 0.00, 0.25, 0.00, 0.00, 0.00, 79.58
1537896087, 13.20, 0.00, 0.87, 3.36, 0.00, 0.12, 0.00, 0.00, 0.00, 82.44
1537896088, 14.14, 0.00, 1.25, 2.00, 0.00, 0.00, 0.00, 0.00, 0.00, 82.60
1537896089, 13.43, 0.00, 0.75, 3.76, 0.00, 0.13, 0.00, 0.00, 0.00, 81.93
1537896090, 17.60, 0.00, 2.35, 0.74, 0.00, 0.25, 0.00, 0.00, 0.00, 79.06
1537896091, 13.22, 0.00, 1.00, 0.87, 0.00, 0.00, 0.00, 0.00, 0.00, 84.91
1537896092, 13.55, 0.00, 1.00, 0.63, 0.00, 0.00, 0.00, 0.00, 0.00, 84.82
1537896093, 12.91, 0.00, 0.63, 1.00, 0.00, 0.00, 0.00, 0.00, 0.00, 85.46
1537896094, 13.14, 0.00, 1.00, 0.50, 0.00, 0.13, 0.00, 0.00, 0.00, 85.23
1537896095, 13.11, 0.00, 0.75, 0.75, 0.00, 0.00, 0.00, 0.00, 0.00, 85.39
1537896096, 12.88, 0.00, 0.75, 0.62, 0.00, 0.12, 0.00, 0.00, 0.00, 85.62
1537896097, 14.36, 0.00, 1.25, 0.62, 0.00, 0.00, 0.00, 0.00, 0.00, 83.77
1537896098, 15.29, 0.00, 1.00, 0.25, 0.00, 0.13, 0.00, 0.00, 0.00, 83.33
1537896099, 13.28, 0.00, 0.63, 0.88, 0.00, 0.00, 0.00, 0.00, 0.00, 85.21
1537896100, 14.29, 0.00, 0.87, 1.99, 0.00, 0.25, 0.00, 0.00, 0.00, 82.61
1537896101, 13.28, 0.00, 0.88, 0.38, 0.00, 0.00, 0.00, 0.00, 0.00, 85.46
1537896102, 14.32, 0.00, 0.75, 0.87, 0.00, 0.00, 0.00, 0.00, 0.00, 84.06
1537896103, 13.02, 0.00, 0.88, 0.63, 0.00, 0.00, 0.00, 0.00, 0.00, 85.48
1537896104, 13.43, 0.00, 0.75, 0.25, 0.00, 0.00, 0.00, 0.00, 0.00, 85.57
1537896105, 12.64, 0.00, 0.75, 0.63, 0.00, 0.13, 0.00, 0.00, 0.00, 85.86
1537896106, 13.73, 0.00, 0.76, 0.50, 0.00, 0.00, 0.00, 0.00, 0.00, 85.01
1537896107, 14.70, 0.00, 1.38, 0.63, 0.00, 0.13, 0.00, 0.00, 0.00, 83.17
1537896108, 13.37, 0.00, 1.13, 0.50, 0.00, 0.25, 0.00, 0.00, 0.00, 84.74
1537896109, 13.16, 0.00, 0.63, 1.50, 0.00, 0.13, 0.00, 0.00, 0.00, 84.59
1537896110, 13.41, 0.00, 1.13, 0.50, 0.00, 0.13, 0.00, 0.00, 0.00, 84.84
1537896111, 4.67, 0.00, 2.15, 11.99, 0.00, 0.00, 0.00, 0.00, 0.00, 81.19
